19104
30078
90328
43453
9681
10625
84284
79032
90995
65674
15244
16813
8768
21383
93111
42398
46959
79754
16105
59991
22416
36357
18507
4960
12862
37089
41194
18702
42600
71830
86483
82646
28019
75038
98130
12595
17161
49966
80225
74204
45260
95426
87715
8666
97841
73090
70699
55077
9911
88079
52764
7733
38423
73202
75373
98315
84937
48806
37387
19084
30682
32917
97082
43607
81828
93921
11526
51369
37578
68991
50323
41030
53184
23412
98226
3363
74117
88415
63044
99375
12007
81817
85798
16876
76565
34353
38027
80204
33367
32278
18221
31572
59775
4942
1638
4482
79503
788
42886
79971
26084
59744
83405
43104
70874
96777
77779
44643
44161
38948
66108
14033
49405
14765
47904
30221
37317
1819
51910
68155
3825
83805
4489
30347
74873
79863
54089
10759
99722
85549
15309
99254
66959
32267
88619
89351
28126
42816
33769
4017
40194
77833
24883
46269
96069
58101
18525
42609
14126
19829
83804
16375
73935
12760
35808
15996
72536
57702
99428
49498
57861
75488
5970
2687
35326
28448
9791
5050
91107
98663
67932
18018
70382
26042
61154
62631
22674
46485
61230
71361
31602
75647
87013
55287
65423
65392
12207
44834
70107
72124
24306
13594
16029
95554
73175
73391
33545
52939
86604
98844
96687
6697
86769
28757
96729
63776
43941
32280
60225
13815
6493
7769
62212
35710
45430
51780
93840
49945
92277
23811
57360
84176
52683
56097
39640
47452
119
59138
53255
35597
29483
2851
18874
73376
64656
37841
46177
8591
35105
41431
25766
45700
19752
98886
78253
55670
94656
46442
65584
89833
79676
64983
16125
13598
89531
74439
62182
27559
28224
17809
62019
10832
82511
82279
44520
95227
55528
13406
75524
97163
55231
10471
13465
97341
44683
97906
79280
73306
53408
11837
63622
61048
86490
46224
83313
29796
86943
81676
76289
97535
66261
79658
41145
64020
3044
91639
64326
53689
27525
96206
14707
7530
51296
49127
51465
23410
71033
25141
80248
25733
90067
65086
11481
44327
64719
16152
64478
539
87795
882
60861
35606
88357
99305
66038
94899
4603
61475
19810
25954
60712
74785
65494
47000
29479
14016
24392
2571
93756
19375
25247
52035
12200
19523
23663
26642
16314
45839
92178
30098
84993
25503
74701
67765
67239
75651
42328
86961
25554
99675
44816
43821
2363
9947
49731
71500
7518
4506
35616
79433
46762
48363
65466
20110
44818
85197
57469
17994
94236
51281
19307
73929
65674
62836
84310
33757
45242
79603
356
94960
63945
43574
83782
80616
20248
87349
6158
57975
1409
20934
50588
36949
43002
55875
17672
94247
50715
6792
67971
82727
25817
22485
70171
79852
49962
18969
75135
50793
33598
84088
37286
31427
14172
9627
14574
12394
13273
14441
7277
97246
24210
42533
40885
64666
11219
21411
74563
80831
18391
73766
23321
83769
33922
36514
40395
1503
77542
3072
66961
93687
53311
55372
52706
16408
55074
67767
51026
76723
93378
99892
57343
79588
33421
40372
86773
94448
32701
71402
51381
61530
70534
1257
40216
64108
358
44413
67616
794
32253
7995
72175
13369
46983
46659
82808
57979
71782
16336
31780
57179
81297
66973
47794
75762
39190
36632
79600
23083
73109
5913
63456
54923
4790
35401
83877
38165
47467
82779
28042
69577
48230
82160
25407
15243
46766
96478
91534
49855
97315
61476
8878
66524
60967
97993
26845
46639
33674
3935
74119
98177
82449
94274
97171
56584
48537
2330
88032
14113
89863
1693
58504
95274
15928
52300
4773
24214
57203
78595
23530
56867
30113
66753
95145
40762
46991
47122
572
23345
70903
93494
87966
77020
40092
85145
1796
23563
85747
34561
40031
25668
58680
5905
17623
51760
18719
40377
69804
15999
44070
39982
48188
61236
12157
8100
84433
72734
33985
60386
69935
17908
86623
46463
90798
97530
63943
22230
74867
73386
81481
22989
39266
94403
89070
70691
78143
66693
34092
85973
83875
83113
91479
4723
8253
94673
20265
54511
26741
17277
53824
11770
73798
46222
14595
17646
3779
89909
91358
6684
21983
80311
53521
97729
91764
56106
51010
40599
37410
52525
61911
70827
69868
87893
78195
67153
18130
22415
94829
52470
5328
63114
23772
65954
40865
48947
52402
69772
89433
71642
41919
51574
9463
68060
22707
26850
35144
95537
59921
43338
11663
42437
32761
879
87164
19921
17978
42707
96934
4226
51766
23551
16887
75467
13606
43518
61235
1445
10446
83045
2852
26433
43353
17480
68899
35896
18683
6558
70700
63321
83923
38412
30003
6346
26620
89947
64557
88442
6166
86345
63073
80939
25716
89347
51196
44374
99482
48315
30920
58479
21702
61376
90019
69551
23106
14983
74358
20676
35552
48520
42808
95826
73740
88736
48742
49898
90043
96345
52323
23297
65977
89613
78944
53484
35523
8192
29268
68446
56134
93616
11141
17495
65717
85886
94487
69314
18478
99038
41787
73134
19873
94941
81470
94345
11132
74643
56894
31413
86315
70391
13304
72080
46727
84377
31104
64938
51361
42595
77273
76835
58566
18980
97918
40326
18262
42344
264
99026
73181
53689
31019
21637
48366
63654
33569
84511
80546
16123
78461
84027
93824
64388
22450
72944
32659
74821
29417
47124
19017
42803
99438
23958
58694
72303
15028
54676
53264
2093
77172
75299
59862
32574
37580
31752
45160
49013
5424
46550
89094
13679
66240
72176
76358
59013
10673
17372
66574
90793
62474
63644
73754
14209
61196
55734
75842
91391
49871
97296
21129
52245
43649
9641
55924
8270
61015
23214
35535
79045
82405
17508
82687
93149
67656
69089
29399
5394
43632
46630
51106
46901
42021
50909
66158
25273
98220
17060
37801
88030
88089
11096
157
73787
29271
1727
50328
92049
11377
32788
28286
24816
84010
60806
29294
49620
43643
30664
89965
9525
49258
13838
77884
90510
90863
61560
10306
19473
73535
30925
75776
78412
40823
46007
29303
20208
14629
68668
78126
1723
81784
84608
74111
38272
12678
44815
48288
81964
28658
57684
33942
3044
3415
27536
74071
65385
93098
97842
62051
25500
56049
35131
56461
13384
38083
54337
22046
64162
21419
13313
36718
58928
53785
95838
96247
38136
48091
40361
38138
30213
3774
91358
28498
41987
93341
53524
42853
13569
88870
44071
99373
77272
19526
5581
47054
29732
34809
11748
30072
68114
27512
65902
80476
95921
5619
33494
68222
97037
27622
89446
34465
87318
82529
93801
92620
15505
77957
30598
97995
16356
14000
73845
562
86352
90818
35052
53933
29937
17181
41771
83815
12488
58270
45634
12449
33316
5622
38325
30990
6372
43456
19586
54432
37573
51258
72096
4454
10480
11991
58498
53692
9644
12952
46392
43345
44295
43057
64868
69082
78546
27395
6105
60355
65709
9043
50493
80639
79493
2547
28539
6808
19297
67261
45946
59909
16414
77018
88029
54354
10085
29892
63680
20707
9594
97427
71846
24191
29844
46549
22496
54558
60801
28153
61227
51615
60524
67947
93840
1339
81370
49096
11225
44223
71805
71925
86078
78389
36815
80306
34191
46327
61682
16956
13538
80607
23233
3618
17800
36823
77734
20924
78516
58593
89138
20586
21126
30128
75599
19160
13615
35355
23780
13041
63981
69183
25313
97751
99891
14997
74212
9252
7454
63281
10453
4338
33636
77491
23236
43451
11813
77817
5736
74567
88250
65267
63856
29737
98503
80430
32160
9593
89006
34858
583
22365
25648
75591
23696
48575
69439
56342
83412
28673
35227
79437
44557
94502
37498
47845
27012
94592
99955
30642
85775
99246
32479
89051
16653
65550
86270
92078
73503
81450
85674
54694
12152
26556
57252
95443
13930
43786
91019
82578
18986
14974
88097
13634
8179
49392
34238
83324
2239
97774
12539
64234
52919
96343
81624
27604
88838
4758
60081
57140
60912
24144
17574
75779
54342
13045
58828
8546
70899
53407
57995
34988
84111
19540
63976
87446
86214
23323
97094
31543
99566
88102
96438
30724
42281
55020
1738
18011
74745
99731
37782
65154
76646
28880
40883
81255
85483
36502
99737
24496
81960
58169
549
58502
7396
46795
76892
47921
45595
16663
19830
99655
11085
52279
36638
91350
45335
65135
61495
72411
35692
31774
56258
27862
15682
71692
98067
9580
61733
39971
54804
32340
90765
63848
49878
94555
78144
2016
27807
15876
68545
20694
74436
28003
81635
86527
48049
77458
15573
95271
71037
48915
46460
91600
25616
2964
72280
21588
62546
29054
36677
8083
85011
15217
97582
11106
26347
10397
9881
75590
39572
63282
95146
45323
25145
12962
48426
10522
68135
24084
81959
78377
55469
69516
73844
70583
65950
32754
15370
44158
76569
1108
4962
15634
26274
26482
82988
60147
85451
9741
86263
75316
85862
51345
8209
9176
95631
36593
27934
67415
12281
164
18071
4297
47262
23966
20285
3726
50661
95451
75887
26307
97697
8863
51204
7100
96193
891
39743
9464
83935
30667
57654
20637
59244
67901
60347
13937
56016
74822
83759
79813
17528
84431
1835
59372
11070
87630
85866
51980
94991
69495
1933
38475
63053
82357
47908
23484
51162
38897
71616
46132
37670
61952
25510
15880
25716
73436
52456
92055
18205
22930
70453
78480
99908
85563
78794
17719
38242
74862
8718
77435
15508
38477
31114
88918
91226
40436
5154
23359
2368
41670
50110
84734
80292
81845
5156
93881
45330
10628
79825
71921
21895
47611
7915
14988
31560
26984
37100
86063
69425
57806
68465
5200
51520
64722
50188
52046
74521
67904
39346
98620
84823
77648
76444
81436
49243
17349
41173
90966
83441
83145
52513
48094
23371
20126
56497
26914
91693
6465
80413
28990
5409
10778
51520
83682
7434
12748
79346
49228
36717
7939
72264
5762
16603
74267
82531
79410
74717
36809
6694
83537
13992
43232
73496
67762
85573
37001
86812
99206
2635
79890
78888
95319
5825
411
80224
5398
91950
58153
98424
72967
66189
3422
1878
33965
3859
58362
86971
54599
96507
9341
21928
80367
52949
59082
19456
25623
37501
21595
84316
82941
44148
14519
36691
36654
50928
10095
44794
8921
53421
71672
36
4824
83113
20674
41515
11288
56600
98607
80829
97978
69017
62459
5087
97256
23621
72839
89740
88729
72151
71563
71570
7049
27966
34685
68780
12004
31767
86286
40815
1384
26595
22137
22783
30534
22205
10829
74294
39386
72239
49564
18743
17280
19849
98191
13753
78424
84660
37306
86961
66627
80201
2398
43852
56489
66564
14899
94233
97877
99333
15088
39675
68111
1598
56123
37959
28708
99892
83910
37597
61838
31769
95825
67858
61275
71233
13061
41976
23462
10008
52956
70116
85678
72830
94723
35201
37942
90528
65699
66011
10352
86212
2664
30601
20995
75151
5339
5715
60429
76228
2221
28163
63711
86836
63141
59233
41587
18911
61983
90657
86623
8192
76408
15875
51417
20458
2978
74349
22748
13237
55598
948
58391
84849
97592
21286
19467
10584
9046
78765
6806
6772
13652
63510
79867
13471
5512
43962
77081
40172
82320
2831
32325
71525
29324
13499
18893
48038
54744
64666
31907
65890
81258
48751
64135
86563
15269
54732
88936
90353
67013
24147
44105
32483
83892
54763
53935
3719
72950
62895
1352
9397
31723
6668
20072
3692
87542
53319
42820
16994
60278
39702
3297
18029
21317
58439
35448
25004
64568
85624
61643
17783
16892
22571
65827
69304
58197
91334
14380
43845
37584
81818
10598
47327
26830
32127
17478
61777
23690
8882
1100
93102
49125
81819
18869
11094
63531
33888
36774
39409
23276
90276
59046
76157
55263
99611
75563
63790
23508
28311
33697
98689
47791
15674
32175
12914
5874
23630
6353
49944
43041
30821
10587
7534
22095
70926
32682
24066
40212
46293
17905
86323
27558
81482
56148
62371
3504
94958
57794
23716
8154
18208
93858
47773
30888
84814
52549
78473
51210
76439
66176
11792
47028
61123
10221
43081
54802
86176
23244
26471
66531
8338
86580
15341
63368
48679
69611
85568
382
64337
70261
7928
28080
39873
23477
77458
20239
39156
40100
90445
509
44706
31318
55107
62085
27177
10661
47214
67837
82278
36310
90726
16262
59452
46268
21378
85027
84018
33399
32757
64546
79940
88572
98498
46170
80233
92375
81690
46868
85944
28824
85852
39464
7303
10932
11027
89444
97432
56991
34088
4277
26044
92736
13585
30173
40528
78127
77030
38193
16652
13303
16506
89056
50921
83337
12854
87938
88187
91609
89880
78923
3809
79419
71769
77193
88488
12537
21840
24609
13217
33047
37785
42874
81944
66034
75080
67821
47708
16306
33439
75819
89453
88942
33552
20930
23968
81766
35943
12378
85596
38808
96657
56017
60917
84045
24341
23390
10758
83789
27519
92957
93172
31427
41831
47114
94444
85793
42126
81416
42640
53206
76679
74597
37035
82728
77758
60556
84753
51125
21445
20184
2540
70565
17923
46099
65363
80522
57236
73219
84380
69661
93718
52949
73648
49769
48995
13847
33173
90298
18987
6515
818
24913
97191
35426
78995
64771
66037
41736
42904
73519
75012
65001
3191
37881
95427
76293
54758
12929
33278
41051
52477
23462
20816
47055
20667
99516
2613
24359
8536
67021
64387
74092
24994
91730
57210
82599
22918
95103
12721
56157
70484
54888
26281
33816
29366
73702
74726
27881
11579
20249
73373
10114
1050
65789
19715
7291
27449
78622
26060
94510
64182
69152
94196
2237
74889
36442
75308
43987
91930
42284
14990
99341
16889
48651
25278
24746
2913
77234
96259
77680
8732
64229
16626
12020
27242
1263
18553
62384
44061
70086
40622
50042
63129
26216
64183
2715
33791
50501
60125
87433
10278
10488
92591
82004
44914
1377
32329
93015
99278
73530
68053
90332
26908
54263
24231
47969
64729
31171
66902
5400
11842
75694
76609
46720
38137
25808
84520
96294
65677
346
47353
31270
17056
86954
98114
66675
90396
83326
83810
59272
97805
3464
23025
8735
59242
39756
76212
62066
99504
13034
26858
9441
10927
44478
18808
90805
80558
83249
14788
13787
90145
44234
98916
39799
4986
86946
29891
38167
57032
65791
57165
97202
15597
78140
23614
14278
95200
86710
16707
32319
998
930
24569
7067
23507
46177
48621
40580
83731
41417
73922
28623
1722
34338
86439
73136
7554
67308
37502
30821
22268
8757
94623
31588
52704
40525
99611
64216
29013
59422
84699
44691
27647
27219
51497
94311
40519
26512
69912
38764
19709
93465
82399
68300
41318
56511
57473
38660
2664
65315
27336
83136
28598
49349
44628
59866
54430
90020
17924
75286
58909
68262
79593
80199
33965
59595
47309
74698
74529
60919
23829
1197
55506
72734
70561
76204
91542
93738
94594
89150
38120
25105
65555
1683
78092
50135
51981
54024
69583
21746
71054
79552
26194
40684
2939
41284
59657
18309
53096
36454
25325
4223
86294
50822
13856
88855
39912
43260
2422
32576
77175
48625
66760
90229
99492
89154
81344
82092
52775
31543
98197
75401
930
8403
58035
50823
64002
43229
41622
85813
36189
10962
47488
65396
8570
82697
21223
1360
86911
65247
73473
94845
94418
68917
84774
71601
37481
96683
67533
93050
59307
63329
58331
36688
47756
78974
39461
34595
24371
62282
57239
65684
501
92743
25604
35192
56348
85905
2802
32733
36237
46313
73575
11047
73726
70451
62069
86334
20111
46354
80996
12630
1523
98773
16476
26345
69868
20638
67196
51043
77918
25955
33503
87632
43130
88379
17468
19280
68189
91733
92921
87111
10328
34624
28270
23114
87284
76222
59649
49202
78270
93189
89718
55744
17537
12006
74575
21169
34829
90969
78543
1753
70731
34259
57128
48427
69167
54407
58334
98408
76984
28995
11363
50392
76656
69536
1093
19131
6267
93475
30379
25726
39763
88899
76708
98215
77088
96695
62816
23449
45548
39579
31398
27776
2905
39130
38195
99848
10366
76347
16545
10386
11182
27844
19489
15631
96546
18910
51357
68795
16849
50262
61708
35249
86744
63258
26881
66317
596
19999
61206
49431
66548
96053
24681
41724
32697
1713
75098
68133
60897
47258
80418
16603
38134
79489
72923
71608
38062
78819
1430
15172
37551
97645
73256
46830
30767
65752
54179
59447
36686
15876
18436
71358
23087
53743
4829
43041
90534
12420
24580
45730
81781
7270
3707
60161
73293
10288
99373
63947
8345
68400
12232
86498
3860
32925
88309
78973
28871
80637
19697
73477
45685
11800
80252
96028
67012
15850
46151
66937
66892
87273
28864
16175
80234
18979
77758
63843
7161
1518
74634
67944
89485
98799
72252
93928
94457
12566
36739
75977
99424
7722
74510
62995
18445
98668
94734
33127
17533
1556
61927
92821
33097
12594
54180
33676
22561
96084
4587
72683
14885
37823
32679
76403
56012
23218
63308
3040
14718
5835
50415
42712
14719
10786
92101
33482
34587
89876
18851
20022
89164
83954
33200
53118
94343
65452
26005
14308
98064
48970
19831
28671
91891
55861
23356
12123
15849
92988
78825
23198
39763
18778
8005
15339
96238
21436
62279
59851
66920
89267
666
95843
70294
85038
96363
22470
52648
19748
652
86315
29847
35264
50238
27703
66934
97062
11599
8473
68709
17424
55226
484
27635
48296
25054
67343
26237
22806
40528
20030
27216
70338
1416
41254
12033
73016
20753
1328
96955
49897
82817
51277
9207
14156
20326
52181
17611
3362
33265
69730
94132
69727
16534
6421
38994
3499
18338
43543
74259
51079
25583
3730
19608
3624
54866
98264
42714
25239
591
90578
65973
62268
9923
31817
12347
5569
88617
79067
60691
16073
27839
96899
66180
60615
42698
96820
42977
84784
6542
63385
62669
21240
6
79075
3490
51896
48634
60641
6854
7466
60132
81023
63848
94072
4008
79075
17880
58099
38717
34553
63933
35096
47962
55662
47973
55257
84650
34613
87564
31998
17099
92668
1255
17861
10060
37347
27291
9532
14940
6388
88908
34827
10889
307
93372
37887
62535
12415
92081
83901
50001
78873
8428
13440
1121
4753
70670
87307
74072
45144
66758
83178
92784
51445
21947
17370
50138
59797
84872
56260
27730
92103
99558
93744
2812
65697
38472
80822
88824
43937
85138
83931
96128
64993
41537
47538
78907
68471
57794
34418
20720
69899
56076
86700
36920
72591
69940
73553
12703
30890
761
31639
42972
42249
55986
65254
99762
63957
55920
20031
88014
1302
65403
50986
92653
69351
81110
85815
90333
52862
71712
76679
24703
85748
70601
83579
25163
11297
35436
99650
66211
18012
16048
82949
81465
55489
84996
94037
79743
69703
75001
64832
26634
26022
24542
59971
51917
83980
75579
70598
72538
66779
19785
92312
19785
18817
41576
77949
34330
6005
73238
60242
83677
79253
97174
83325
37134
88293
32966
48969
37173
47735
60306
80392
91787
31165
69562
2499
8202
79149
80112
94425
45001
60457
81482
74079
48211
53411
13803
52995
32395
14813
72069
76554
69615
97280
87713
95470
2342
26486
71711
32172
49753
90083
91126
11187
12889
72903
96294
65082
46092
68749
1223
23722
46208
18182
87488
65666
45217
49466
82000
31912
69775
28941
18027
49247
77587
70571
35248
57349
13891
21420
50094
85858
1344
60131
86125
39354
89422
26264
84222
35229
94171
90732
94846
97050
49308
4904
97898
94440
8213
4275
10452
54428
21045
50882
86772
39796
5758
75303
58493
87721
11724
84543
47450
6412
95100
89071
93297
88175
45038
32278
31960
57113
52555
91768
77863
3539
26057
16513
85823
33319
16429
74275
43567
42813
15282
34808
20192
52263
80876
10879
32112
29826
26893
18269
14599
86418
85307
89802
8773
35974
98096
23129
83689
69352
62849
73294
56431
73159
6207
28237
16990
6010
17389
39109
48595
29023
74207
88066
48536
502
33653
90368
59504
18619
99758
18773
5751
11458
36830
357
78505
96098
19689
81306
24816
70383
42011
65485
37378
62710
88640
77183
19912
42610
29622
76494
98355
64015
824
49020
34648
21634
33358
67676
11589
18331
8305
92305
58241
90087
46752
92572
99306
24687
67257
68687
4565
62730
96953
19814
40818
14491
75375
32373
87809
3825
21775
85952
18126
76904
50600
85537
53119
5557
6516
22386
84732
77417
95568
49267
93445
344
40643
58616
41116
3689
33141
54506
98958
22621
38470
84795
45040
16126
75896
69511
53316
86352
63437
27600
86644
35549
95472
22204
98020
85326
16365
54226
43699
448
96636
46937
77277
60926
1387
61546
78995
33084
72065
51673
83003
44115
43132
83901
73984
78101
74097
18966
50887
70391
32464
14756
39081
55324
91224
70901
12132
50386
11591
17868
46658
81849
11204
29950
50911
5877
51779
19891
16333
62021
81825
6409
56773
70335
32909
13787
15368
2635
39609
93603
97558
22312
59867
36948
39405
79977
29490
62759
67458
2215
62378
37582
11022
50488
32284
66580
72087
66439
51670
66557
65803
25573
52285
57337
21449
51278
19384
83861
9124
67928
8642
96037
12759
46130
95661
60294
38598
74960
89023
56102
36842
19641
15837
78933
52526
75771
28538
38710
31695
45078
11672
62320
83932
48487
54786
24798
6347
18592
20413
17683
67364
15886
58119
12856
14098
1147
49435
83562
6691
62257
94278
98588
31416
2398
92726
53687
9128
65941
69369
92405
2831
36307
42338
9583
73798
77827
14212
51459
96375
86562
60783
7520
94055
24764
5954
25170
80477
36080
93191
67866
44112
57086
18484
3517
74797
22263
14812
32018
41988
3665
78505
81509
61025
14716
68820
31829
39518
74896
93409
28174
74485
44868
11411
75064
38021
75251
70457
52644
96270
49800
55128
8094
59818
30550
78433
88374
38909
29156
70423
66901
12791
67669
79147
30681
62773
91029
87779
76837
29365
73675
6922
37014
64026
94356
56900
46677
8761
13062
33348
39018
74619
84949
71679
65462
87537
46172
45606
96232
90682
44991
1786
90729
52312
71792
3814
10641
25954
58959
72644
77405
91838
9407
72594
76272
72369
33846
64137
629
10265
83670
25134
26547
2386
73730
63178
41303
79906
90485
76501
85900
67215
15213
87083
40883
26795
71305
17080
52673
31531
36889
91634
23425
37987
95527
43007
94304
92209
42434
1487
41510
55124
83407
31492
39346
8135
24955
69278
65572
53173
79822
63292
92111
85956
34978
37670
54377
42136
33703
70386
53047
5587
6271
14031
23717
12537
21976
66707
20330
9066
91444
28495
67443
17793
97112
62375
2771
85917
35112
30448
12817
15952
16016
41120
88184
19755
83032
46797
81973
75824
83243
82392
25708
27377
31481
68984
78513
99030
23326
95088
37624
34189
98653
72470
65460
90763
3985
59722
83046
97424
39763
51751
52388
70109
89986
2936
74418
36196
66873
61729
6517
10762
92609
82598
94614
21749
19606
24259
94712
93469
30122
39091
53722
54868
65235
38511
49243
48959
64374
95794
58895
94928
36053
66471
93128
79615
68675
56525
19039
50783
16276
30314
35402
7044
35841
8454
61407
3778
68080
20493
57014
64069
46311
43542
60248
58256
33008
91692
7812
56389
41364
16529
33310
44228
91490
34745
12262
79663
94134
13324
81702
90690
38413
32132
83348
32821
62591
50571
44547
5892
87360
97929
61679
32583
30275
93276
39812
14539
72197
47059
80243
25907
19466
97293
59700
2080
58092
78527
27279
69558
50126
8973
88789
48603
72130
70758
80559
49884
92652
75096
74035
82721
46903
67193
16801
62289
16381
35783
79473
5960
87787
91571
28967
54047
26667
42472
86982
52865
24613
98118
95888
80802
65616
39703
87044
18694
24897
94862
9211
84757
54577
35694
70277
35328
34292
23252
30967
40132
71053
2298
85579
53526
96760
66373
85325
16668
54490
24473
25395
98793
80369
65132
34569
26469
24338
99785
8781
3981
95178
9242
82527
93251
75139
27548
72970
40972
87578
56872
17497
39536
43509
38231
26109
22990
18986
73105
12720
85371
20704
90904
14576
86264
45056
31428
32808
88077
6574
6267
47504
40453
36729
73305
10615
39008
73781
9760
45222
41310
39225
41911
6635
39580
85058
32194
5266
11565
45800
7086
10686
48505
11521
40838
65232
49111
78608
94432
77137
99865
92496
84887
63084
97033
91201
11448
89257
38631
2531
82136
90092
20289
79246
3286
14936
34469
50223
86877
59536
54999
53954
7607
85699
85273
4092
82255
97682
69217
55012
11619
35650
52154
76772
33359
28686
14814
53450
30013
69612
49980
77427
79865
31484
66412
5833
45041
83916
87992
31110
33582
3467
18203
80181
44375
99697
91476
5376
57612
97103
30455
89465
57390
17759
76534
34763
21919
290
45768
93480
93708
79533
71881
56052
72254
64950
74595
84069
71803
78410
56031
88652
32185
39815
12922
90435
55970
47740
29195
28606
18620
49460
52131
6146
32751
31509
88124
53536
85700
53932
67188
4726
58698
73842
43204
585
7563
62799
91629
6420
71913
68553
44915
8286
17972
89498
19049
10421
27181
2145
11489
55211
63921
34725
66784
25447
8788
4654
16769
33141
56244
74242
98420
41786
62144
75026
31443
40534
27063
26043
83075
5982
88799
43902
21213
47227
61883
19863
18752
46042
36671
71050
92637
54834
60496
72056
24927
1381
10771
81114
3578
95390
16975
85361
45208
59496
47137
22169
43347
25796
70494
56052
51918
99409
35252
79557
36310
23071
65385
67440
52348
24307
71793
93053
98225
17304
90142
24165
59830
8501
2453
38820
88395
14488
84335
31005
11232
3167
64988
12077
97335
72619
13234
26082
74201
90565
20737
77516
86270
98058
92680
57850
1250
17929
64201
63186
75228
62794
92079
39684
43022
37833
99361
53976
47951
35375
82217
16192
5521
54323
69536
52210
4122
83823
91107
96118
23840
91548
95862
76132
48065
806
18190
59828
29954
84618
19937
876
20516
74029
54037
85756
26602
46466
71873
43563
89745
11894
84755
46984
66563
71923
55164
66137
15201
52650
94800
9019
53373
34213
55269
56857
90074
84438
65933
94811
35345
30831
98507
7410
92428
47580
14880
57350
92571
19769
14095
81132
59919
98004
87656
98069
64785
39748
46048
14285
76859
57277
80447
21856
26391
72172
69559
61339
21771
74814
84715
63024
321
15909
80819
80623
51247
22320
77227
45209
59024
9971
95191
7880
90416
38580
75062
37074
66869
45365
66830
67375
94246
5844
38670
26132
81779
69396
45065
1407
94731
79416
68151
26029
31528
98712
96240
33819
73267
86084
43309
45108
96807
30558
15251
54160
56192
52067
68921
46953
98836
51508
51608
38476
26003
93021
2519
31749
23837
5804
60004
27549
93641
99421
27324
36519
26272
33338
80900
46941
82554
82369
11545
96999
29841
91829
20502
75488
72914
36916
44365
69242
7399
8927
25918
25527
53688
458
90744
50779
23289
78671
85153
42220
25130
67167
83067
83777
40278
16348
2752
16851
25824
62181
92978
48987
69808
75801
33592
59888
42594
29318
11743
47510
83819
49848
57701
25990
34171
38743
5071
50531
70882
63683
46097
50009
16987
39851
33759
97072
31295
58145
97139
14511
24804
82397
57259
37280
78264
11705
9512
71971
14333
37292
23604
31097
36000
75358
94915
49170
78343
54454
83640
88725
57227
68069
5189
42322
82609
65840
33081
4335
31046
90240
76588
18605
29532
17663
67887
80123
54920
7760
80450
14304
48019
30636
64964
42017
60695
53681
31199
20351
73299
16636
94172
69804
92195
87845
69156
69262
4569
45046
60372
86129
77568
8048
28525
56386
51327
4262
54913
11034
53023
90946
81478
95035
11433
74492
77126
50112
99736
54947
43040
41107
23105
4735
32283
50822
32104
81344
32360
14503
4596
44515
66245
34215
40659
80933
51122
52207
27236
15322
22232
95234
74564
53289
73132
84625
93525
44879
2582
22603
77705
90655
71976
92866
52518
5899
9718
7855
96733
26401
60412
99288
71813
87783
15469
64080
78458
78318
66079
2053
91531
10990
32850
29253
36410
95243
90942
5745
25207
60136
876
66452
35338
47602
52371
92057
96862
59111
50800
68548
21939
29187
17173
43235
52928
4615
2047
68338
32870
17455
51859
25777
90495
16910
34333
72394
8833
71576
68960
16870
2609
78010
47445
41291
68333
2595
14143
46067
46283
38174
18892
39496
64265
83528
75962
87572
23347
30835
44952
69029
28092
73284
61784
25026
30613
77886
73414
3670
93696
42580
429
12080
32302
17019
820
95835
95220
20745
31454
77122
54987
61610
63326
29723
86552
28279
74660
10408
23471
55534
41890
43564
88136
31263
70258
319
51015
31480
27230
10309
56590
71270
38665
2894
8784
78563
30298
4662
48613
85108
23746
51039
56052
22826
65690
31674
52754
27505
12164
26542
20390
22651
12815
85778
85071
69005
10764
36105
20585
78197
59951
11851
99625
89235
86689
90450
17351
8324
19282
76371
24785
59472
1698
26899
1663
55496
17316
28315
56965
24376
26544
27912
6963
34137
55727
32932
50924
27584
50991
60200
75075
83310
71946
44873
38898
33895
82764
92916
93482
67379
40728
60887
13186
99970
98072
7659
34925
47486
90571
66166
72875
36369
48407
54080
70779
11516
98639
6696
29010
67659
21295
15086
53212
74226
2853
32656
41764
55817
97911
68325
53686
91284
59628
94291
83750
76463
83659
11310
83507
2949
63986
32973
63783
41061
5135
73915
5939
601
5517
2594
30430
61529
93810
32794
8837
31308
3832
91631
66273
62547
14100
48331
39870
74851
8728
50990
54146
80384
32531
16856
82701
42887
59147
52198
54848
85503
65339
22161
8208
99676
8285
60537
21370
85069
12802
39136
31096
57083
32987
85416
27222
50465
92570
93143
39546
52112
31904
98194
80431
53840
7732
68731
45337
68414
73000
5949
2723
89026
90898
13796
92202
7353
607
2274
24522
63954
10433
30959
91383
4854
46681
95224
21242
66270
37464
29471
14166
73072
12077
940
47146
61757
61375
58121
29569
76108
81682
84050
36435
59748
74101
32841
62383
12271
60722
35151
67427
96547
78661
12380
92225
74650
31694
44290
14748
14882
99917
83073
92884
76632
87600
10041
7700
12903
6632
84214
634
9151
7969
78639
19721
76085
74245
45982
7042
50289
9736
16201
71679
86138
91595
66512
23963
19188
99343
46782
22878
85950
9629
55942
40830
60800
3172
55937
28494
48136
19535
41238
26600
90702
22587
91962
45116
62992
48541
47626
42682
28895
75334
43089
70847
72241
83687
33433
96514
70776
45920
12455
31852
59032
8899
34937
68152
52676
66694
79862
21083
18902
28190
30537
12831
8853
76941
21822
78816
96561
19548
86467
43116
67815
32785
51044
1148
82571
6935
37157
53561
94245
74518
10632
85217
63102
58983
37463
90169
40664
19275
76191
45553
71188
70601
63398
82306
40952
5820
2316
77327
78260
51226
96734
35903
81430
93927
93731
58458
81435
99847
91281
86922
55502
3278
84676
6256
63160
29095
7240
48135
71716
24944
60596
48379
19548
94061
1564
3065
28790
76528
32605
9028
15500
29446
1101
96814
8912
93813
73869
40418
78717
90854
43899
53406
96618
67388
33516
68959
2890
60850
90980
25610
77839
99058
12203
53716
33844
90758
28540
22994
81840
94907
1130
38356
58705
91530
87384
9569
69363
97877
94089
64862
44124
65758
76310
36049
32499
76225
12126
30762
82006
62017
52974
70855
72988
58123
83837
53876
61925
70543
70356
33421
53677
31195
45011
84383
78974
23171
50003
52905
82444
37627
41947
98293
30706
92067
69409
8120
25887
73639
75567
8311
63248
32240
99512
93536
17830
55901
30735
74207
29766
94270
11411
26484
44119
82895
35609
24311
58804
28587
99532
79688
15156
79683
5988
76819
93459
50826
64232
36597
70040
10091
28006
57582
22041
26284
89808
47157
5018
75316
39390
16874
54119
43309
29169
77634
64406
65523
83540
92716
24469
48448
52118
21181
34648
84068
62454
68410
34430
28992
30712
75443
67998
80968
7800
38820
21650
34512
92172
41640
89349
52052
51693
43441
79539
36346
64059
40198
44618
33724
89344
17973
97071
19208
64237
7854
75027
84690
78379
53387
37820
20701
7384
57915
32331
85325
75420
53557
52520
57725
59229
19803
77082
43631
17431
27612
79189
66898
99991
5490
99874
84368
81375
36610
21812
38992
38149
54817
6851
78967
64103
9275
68728
61089
24653
46208
93698
10945
43787
81374
86035
52752
41071
69154
5949
35038
39982
45219
51754
2328
16019
37219
96447
87358
25546
1646
32853
25165
11764
50811
63986
94904
6730
99609
18129
62472
90085
84909
91578
88102
34556
36132
97456
83440
17913
69296
40908
99896
75103
52936
61327
16105
58069
5680
44740
42417
89625
62292
24851
14089
54524
7493
79449
50267
36316
26917
50367
67013
17868
51944
19303
45471
66243
97096
80812
46749
57758
70694
88932
40319
87874
3809
39717
43241
96698
76863
91203
31396
24072
30765
7078
12994
96273
97905
51449
48310
72922
13447
46471
35753
35001
60889
61972
17253
83672
66235
30676
45404
2510
42232
35035
52900
19681
13884
27783
71041
62215
90815
83535
27420
96611
82578
16560
94804
81537
9466
25791
50333
3345
33756
7429
36159
89156
62633
70713
77107
97887
14171
2962
58449
35341
23695
54722
12056
80126
43867
58372
82865
41382
99315
68366
82191
74644
18752
54266
21723
99037
68065
36381
84048
6948
18429
12195
698
91548
46393
56106
53732
24490
53684
59682
38663
13782
3319
40839
29558
89842
40894
69846
54137
7996
94739
90086
36726
11516
68324
567
54013
65445
13010
40358
71199
88698
98811
71237
49159
43590
49300
65658
35156
81929
80497
9620
53691
44095
8766
44277
50019
86581
92689
92530
66945
5171
92822
90803
64716
87380
63173
41336
12538
93994
31410
24909
81460
453
36165
45397
21005
1334
55395
71896
25041
95662
92265
32338
29318
36937
75534
88959
58456
37740
95429
17834
44710
90710
2060
64976
78741
52956
99647
74830
6522
31792
25422
85106
4469
52436
31966
89378
67702
97655
95272
3868
12149
72391
90220
51118
9573
13641
56697
90269
10886
48648
57517
3967
14447
64359
98829
37498
58331
20147
39276
13708
56967
42017
63071
13928
6485
31982
3069
63056
96791
22825
76138
64699
19400
86372
95862
83338
84903
95414
67044
99589
7395
44673
39271
29290
20233
81713
74389
23420
59388
88622
92485
86922
72541
8010
77681
50175
43920
50433
50394
8036
83928
68940
79648
36801
3893
64394
40345
21627
21701
69285
81296
43684
73007
42111
34963
76219
94295
28668
53307
26239
38697
33684
5795
36143
75989
6989
1616
72845
91913
43984
93734
60670
16798
30176
37609
15700
85256
57970
26225
45036
67589
38582
41730
85099
96245
50886
1163
82812
59197
44590
36856
96846
61884
88220
33546
14956
13022
97703
89355
91349
65319
31016
95819
98756
18247
28348
55571
62217
37289
42757
15941
84025
85384
4251
10062
16462
75024
80035
7643
30188
58384
58847
7396
96738
8928
3716
71359
6476
55850
45074
91866
37421
31934
98661
92579
44518
81863
80030
91995
92785
14709
35125
57405
93142
40452
98572
6127
42695
3728
78307
18046
91151
91349
34227
78132
73156
49096
77816
85339
26196
63631
4822
54801
74020
54931
27484
70954
38605
91988
9470
17739
43394
90910
7460
50976
39391
33513
62288
89252
48742
65694
71541
18754
83648
43344
71244
50883
69732
79256
35213
9610
91259
56376
3026
66084
92709
93435
83896
85502
2718
76150
65081
35858
75648
73087
37910
95116
13691
35963
20305
40534
80352
85801
1467
50925
45924
80294
98570
72807
63876
39656
9002
65084
36985
29792
31398
35350
23149
53792
99489
10306
54143
64159
71012
95526
93063
79628
75868
71479
62995
3304
82542
20026
1570
8052
38571
58348
31462
71727
91054
62812
14247
52280
48277
94667
85243
3858
71417
5542
42863
10695
80846
45616
11004
46224
27503
27620
17958
71495
53915
78822
54315
6464
23040
10260
6282
43209
71910
67251
51340
4738
83676
33564
35858
56468
34900
3911
66007
69194
81895
550
73708
73159
26668
81322
51664
55234
55308
30253
37468
74992
2475
97458
48740
689
12283
55765
20736
21984
99317
73985
71383
94992
63693
46272
27778
8188
21900
9220
36377
49131
78497
2173
82712
19918
17806
936
77417
6606
17460
83523
52763
76162
66076
96532
65607
72750
77104
71739
40485
82719
87804
25190
50973
25788
34896
60229
7687
14125
30967
47721
15488
36390
85186
79690
25349
62480
60886
85806
50438
96238
41924
34534
5307
52889
98779
5083
45870
50405
11165
33309
55520
1206
22807
16600
57243
67318
36018
86153
81369
53025
8601
94905
10493
87358
46867
73361
40737
31599
60643
19986
10768
60602
54562
16014
13671
3537
34400
7574
14192
16725
72838
62915
29788
36925
57850
11843
20299
95442
31626
58851
20597
89819
24537
31343
18186
80317
68792
91813
65177
40381
85984
87373
49341
89885
59698
44764
54747
92910
26732
71160
9392
24244
56320
81680
10783
96940
87621
1648
24614
84260
16952
69117
66649
7504
67551
75985
95134
54126
46891
3916
60305
35497
56518
77513
66602
52960
48862
51506
35567
73683
29017
93800
57671
59747
24711
85953
47638
67471
94093
24727
79074
21367
57063
67966
36627
30162
42613
48356
50980
49120
95317
69415
68362
11272
84834
44358
22168
32748
56510
67932
22897
36648
5760
52054
52527
5539
52378
91272
26389
41865
68563
75294
5412
93461
6752
96804
17448
51976
38906
77672
69030
52886
37593
12427
36591
62014
20631
83059
25529
60054
58190
28729
69049
37308
74762
51038
3659
24859
18690
16616
45436
12523
28175
53386
11584
2891
82095
83559
76391
36729
67038
83457
35774
78774
76624
57136
92178
31301
96118
63387
16823
98785
12470
83537
1536
73049
31728
6990
4794
910
86524
59361
29402
83884
25486
24307
52955
89432
23711
1729
65498
38090
17978
51858
15828
52071
59
35538
56241
10645
63569
47383
47597
60832
38586
77760
2259
6517
67146
78530
75649
28648
51454
67620
13313
16843
62656
25825
63448
79313
35341
7926
76752
86818
9006
4767
33214
3429
87718
7195
92456
43339
31377
51441
1761
84590
81827
89467
67759
87827
32476
23201
47900
75053
83253
11231
40936
81043
828
28546
87888
95013
90998
47033
57372
77147
36860
21925
75483
44989
25891
37927
6140
1561
32181
66164
4300
10645
10171
66535
52024
79283
73636
55626
42740
68376
21615
78460
17714
18807
56541
8660
70844
13356
23101
32582
73743
72228
91629
99606
12525
77577
14835
88046
5382
19606
20085
95793
72279
81405
5477
95566
77331
7581
45565
546
43044
51545
51451
46366
64306
55371
51175
49355
20509
68568
92866
70992
56059
71843
84429
45590
15726
88625
4855
86869
34276
49317
15627
41539
44603
97836
71448
2695
78671
66083
94
64271
4942
3666
47773
65250
64530
22688
8838
46512
37806
79868
69004
84431
32921
71333
61728
16888
58096
42568
11709
80291
43034
58738
62989
4006
83130
28910
26792
49629
74936
85053
70055
62665
53208
14614
20698
22957
84199
99022
1536
89473
70928
9514
82896
72124
3504
14707
32959
98605
14429
70199
20071
1427
62262
58
52088
65508
38634
2063
34998
71044
9431
96172
91946
56886
89688
60719
80717
41245
6721
61020
39081
40324
34481
40082
40542
13594
37880
90707
16915
47339
25375
35455
160
89070
91771
47197
76084
9105
96588
99213
79000
81693
94693
71027
46061
94060
61080
6143
78560
2542
67109
8042
29205
32653
21488
34028
98918
92681
80831
12095
23869
18220
24187
17146
87376
9242
19955
24660
73059
77210
30666
69667
42752
62507
12778
71827
61790
96859
84560
56826
97309
93125
58659
96122
77317
21560
11250
17323
95799
96387
74649
81683
77560
30750
76389
1789
7694
55158
31855
82445
73944
1999
17508
13461
74535
85740
3510
47199
92997
88529
63302
70384
23806
45910
95537
88781
62844
1134
43334
4768
81875
46019
63502
31563
16939
73121
66037
33258
50180
69177
84826
72921
92420
75500
55879
66739
27649
4206
36717
42305
42155
26966
41956
40173
12911
23233
20887
72721
43252
5753
9465
20694
78905
71430
33947
53402
67957
7931
19046
8660
63727
98029
5694
97848
45129
71690
4157
60828
71220
25437
59733
29198
79565
44383
11237
88712
48124
86063
44614
49466
11620
27839
4656
74497
48652
79038
10022
13695
98796
64704
52633
54513
47743
77903
26375
53960
61770
41820
79381
10019
56595
62651
17148
55089
95807
97240
5342
43242
58432
90976
50762
86037
62401
17858
51425
87724
25227
32918
23047
77519
70488
28676
82016
37756
90708
46549
44676
53935
83171
68632
77011
62340
72423
55589
73078
2235
9402
27346
83220
20905
23012
5028
74259
38967
85281
24572
88531
83178
84610
52944
36604
67502
77253
17605
72733
58936
5369
32337
95094
82778
87947
11488
98537
20706
24664
58737
11119
10063
21881
30671
94461
64586
80753
12002
49592
33033
76824
45199
34733
3982
34912
19734
47127
5918
64420
34710
11232
47115
86827
73945
86237
60250
89103
30120
54829
16795
64008
50427
65521
49211
66522
61021
74872
52869
70686
12604
37340
71875
21258
23253
76067
51086
91894
21795
92857
67874
95370
42810
39054
93671
52819
50249
32487
99634
39494
1445
10002
2628
89159
7259
80628
58212
56007
40905
33128
85754
63024
17940
70451
27100
3844
74481
49560
89958
97360
6004
88227
13352
48032
34837
34985
43462
86145
69818
71289
4211
6448
48112
43743
6797
28838
37954
55452
70157
43832
80437
41126
88944
37140
26700
4408
5319
79831
90532
9250
46556
82265
38282
85382
41581
51402
31287
2333
77005
17128
24517
14854
9909
86918
53614
91338
14242
53998
32913
12474
9753
95171
75880
50573
50547
70524
73690
72269
73507
59399
82569
98448
33222
40314
62560
73943
63243
90196
42259
45454
48287
86071
42887
15017
97339
20891
28578
8292
10666
56092
17464
74022
96631
97527
18821
15419
5399
36284
7149
44821
34166
78982
46587
66152
77097
14581
79390
40596
99503
24124
21796
15771
28758
71748
90856
96517
70664
15069
17852
59809
42544
87000
67174
85554
2334
22723
89310
45540
98590
57529
38133
7380
65275
33732
95201
36557
8758
7624
50741
34210
59224
27903
37840
74086
92360
67553
45481
54976
87986
51902
52856
99807
81097
52506
67992
52350
69000
6846
56344
33812
68546
17672
95489
71290
29273
58886
25657
1032
26258
65231
43528
56418
16129
93858
24174
44494
25333
44291
31571
81332
83121
95828
13703
89680
8652
20388
30870
7955
43750
47958
86318
4185
32254
23055
60146
63240
40080
50972
9231
86931
31884
77598
69997
43170
15713
93915
99727
19066
2310
849
74711
11965
18618
85181
16326
65204
84859
34786
42271
30481
34512
16761
58484
83507
70103
62405
88941
91781
90901
33616
64898
99185
68891
15663
9024
1561
23154
30847
13962
80824
69699
24550
66747
13211
59199
25768
95806
36834
53542
39143
4760
98319
5094
30097
33778
43225
48398
93491
89088
62616
65850
99433
57233
73661
62657
64335
66151
4133
1934
5163
67919
17711
94095
2059
69810
35949
16463
26879
67834
6631
17303
16605
58697
73701
60546
7405
43604
3915
42364
77164
70798
77009
80086
59425
77833
48130
40060
61344
40162
87077
70890
27724
97112
53553
24161
43944
46911
86513
12897
28145
54752
42992
2597
59396
5674
96472
90759
21452
35846
66259
87651
73735
77509
40806
83596
8776
37546
27787
59435
50718
70423
37061
57502
18070
24238
45887
68564
56210
9578
95559
52639
73597
7925
30968
74762
29634
43478
85047
26609
79537
2909
96330
76691
83491
5123
1841
78372
24896
93444
5123
58273
35795
50173
22753
4076
16608
13103
37014
37261
49833
69380
28272
20660
11003
62220
81094
98213
66856
6520
77572
70517
645
93804
27949
49079
98245
76182
94152
72775
8337
17692
74453
26686
16857
29061
53948
66184
10745
19823
68453
67387
33451
88843
10254
92844
40685
17374
57929
6046
1389
82907
8163
16752
22753
21745
79241
27308
48999
81994
81293
81844
66248
18529
25195
89190
79234
87163
80140
66207
66629
33576
45127
65162
99440
24604
85572
18655
33991
91236
74937
67398
76778
21929
78012
13458
94146
80126
48555
56020
88051
54669
84988
57054
90086
5092
3920
83136
75130
49766
95079
79993
65465
75654
56256
17515
97192
74000
41340
1887
7723
63985
84429
41126
1938
70860
73522
68872
66167
38970
33111
94542
85045
20167
47758
31707
90388
26066
71897
13646
58418
68759
24976
94011
46272
17883
60806
90635
10535
81805
78951
93886
84982
27466
25020
21435
39907
21299
69795
28906
37187
79666
58692
73306
77088
53218
15492
75493
71534
19195
70559
43197
96120
31839
99099
90838
59720
78129
18309
68299
56180
61204
75932
26797
82614
43504
70261
26137
67515
28748
60947
38377
51062
90393
41269
8218
8632
44806
46494
40552
63883
60843
62270
38706
38064
25811
97533
63353
60973
89364
89917
44602
27551
74309
45442
28176
63747
29214
84546
43481
27359
63163
19340
79486
35751
85799
15730
55990
69824
44534
32460
86586
95828
99863
38414
89188
55995
27452
707
39188
54346
89349
46948
73509
12932
45550
61160
45919
16627
11549
71480
71233
15429
16445
64486
63542
64107
53758
5095
78715
45539
88618
11380
34404
47290
16628
99421
95138
22592
57260
80902
93207
75789
71109
16412
21549
10022
83037
7304
58624
99663
73243
25755
31429
52889
19003
5870
25215
10083
94281
68347
39471
51910
79871
31428
93088
67757
44412
95289
13769
90392
93088
83483
64158
23227
15592
96830
32131
42588
27376
85545
10518
42771
68891
25488
84048
38469
27457
9330
62035
41501
87187
86415
63629
20506
6356
6922
53906
63129
19355
80693
35991
14806
13190
41809
55213
32652
85888
97875
13763
21670
97224
29924
85276
6294
93784
61228
55415
67852
87684
23564
9530
69966
55080
70099
34170
66032
83834
97502
55347
56066
25929
98978
76652
42173
33079
8577
25053
63507
60116
71330
76118
41288
33198
64088
91859
15250
35067
5307
65625
38904
10418
61760
58793
48067
88701
6199
38811
18236
95715
36426
92807
94178
64010
48928
78199
76655
37398
67784
63749
34940
22696
8856
62
14089
61778
27777
3040
27739
4460
80091
42795
21479
65627
76211
81432
17076
45815
77087
6446
10526
66751
18778
78071
50451
20408
9705
73488
48585
95472
48594
73851
2958
40492
93156
94470
88764
3993
72103
23759
96517
20613
81145
61065
85613
25458
43227
8946
5705
2852
70637
59361
52873
25166
97861
79352
81990
11351
82284
88760
57598
75426
35848
21250
31485
69893
90045
49151
91748
16451
18275
38983
61179
20519
32971
1284
93788
44752
36499
43849
16550
46459
43025
13150
33481
51890
58642
6755
95254
64231
4162
77658
62294
38687
4282
54315
69693
89915
53827
42194
67060
63729
21133
59315
95470
1363
67624
3996
96548
8485
20068
12467
66751
89039
28288
38750
79892
65054
36241
50285
23801
22433
81255
5651
61770
86744
3052
77763
23599
95525
94191
40176
31607
12411
28511
34618
68977
5127
87588
97136
96397
2547
71038
79101
60016
89162
31994
75084
48643
79484
97446
15156
93385
30262
54733
93986
16242
37957
61625
41634
84162
93267
43427
49703
45980
92910
93994
46318
9280
74636
86706
81741
37608
60104
45101
33843
90719
91529
19917
47478
83231
9057
73051
16833
70699
53998
16593
68693
45621
22909
23953
881
55949
33902
45295
2871
42221
18692
30958
50740
46479
11887
73099
89363
75734
65906
55526
42339
9950
1554
4442
1079
52120
57382
16046
44462
43072
72678
90633
87818
80247
43316
84152
61226
80870
46256
50391
87887
4057
31665
37127
20943
45724
90977
3698
236
51534
6431
46488
5463
31771
5362
4000
9666
79229
68591
33234
39511
83251
55352
39377
55136
62740
81469
1509
78711
29632
84720
67912
28699
75577
78585
92765
5912
93298
71084
61220
42813
44915
69226
60287
64470
38871
43378
39816
92430
12170
67859
41112
57260
65379
60130
36094
22980
71159
10283
13419
80072
95894
2813
34466
35917
77925
84336
12566
34149
1653
95368
86239
40324
28212
26998
34489
11322
59736
84147
17638
83599
14860
78629
26524
93428
25333
24393
20462
85088
4037
97442
81783
53074
18395
92191
78832
83861
81579
9381
69467
43424
11716
5533
44257
29054
32103
19759
24089
17135
1973
2662
5265
67329
83525
7950
57010
19918
87458
83809
97021
47700
23019
65471
89975
59851
61985
58606
62335
88444
72755
91022
16818
18952
74450
97339
37135
6978
59728
75235
69447
78845
3965
12549
32214
84417
54756
70313
78159
21064
25428
4546
81179
34203
22860
77909
55437
81600
19344
22865
87890
21621
71691
96602
69435
61186
52457
6059
76162
4413
1273
91897
36428
49362
55320
47278
53538
98944
81994
42860
17180
53641
41357
88286
74006
63211
68740
19673
98392
98467
34472
9345
56645
37832
82915
10927
79694
60315
45226
14574
91109
44150
12548
94174
79595
87277
42075
20953
57352
55822
23311
42228
23249
21958
16408
10148
55446
95893
79673
47101
52893
24806
93413
99193
76227
93503
36432
5542
62091
27409
77964
45573
84129
96447
28800
33609
96633
74454
25179
35081
71069
63028
13397
26475
48100
49883
52350
55224
76559
78986
85552
2728
34211
21017
36098
72553
2286
40924
48841
17254
14814
81533
61868
47479
58266
61329
85291
14094
2843
94028
1556
75822
99408
51320
62243
43980
49326
25240
47670
74561
56272
62884
53711
48439
26410
11823
8981
55165
62399
49365
21819
350
9989
39285
87641
56141
41702
38036
10993
70453
58637
60085
16947
15574
43047
5857
72228
89120
85926
39236
11449
43503
1473
32387
16842
75180
64935
63557
39021
97805
79043
71204
95756
37046
38764
54954
96212
69994
77446
51292
75976
89778
99867
46148
40084
86661
2041
84840
19799
2754
13693
49608
23539
36467
60052
20585
15793
1877
92490
28833
75596
11719
83669
1153
93137
60792
67228
1266
6298
88059
59998
90661
66574
96212
22953
6228
74980
88425
49222
256
43874
22166
9027
34907
52643
52285
9330
38310
50382
20851
82331
71118
56060
45946
27764
98763
71298
95494
21631
68987
81914
17546
47390
83996
29330
49833
40350
11841
28929
54622
83851
78571
49894
82028
12668
44603
81030
67467
3149
35282
29303
67721
36290
60014
72984
63664
51222
58067
77678
83451
34219
2331
59438
53002
43871
9310
15449
59433
75885
50713
67892
28608
65794
21932
41228
84629
13407
5859
26893
53034
1246
57526
48377
9613
70739
69888
31935
2780
65580
93122
3155
57381
54086
91790
72960
95429
59294
62161
54486
50108
62684
30344
78857
76574
41329
87312
81894
96747
84470
98439
23278
55332
33634
2646
54361
5146
55426
42833
84248
47240
68361
23742
89360
47023
97828
30277
31423
42229
50285
97811
78986
58431
35875
5833
16547
44602
44397
97199
3356
5023
75351
1066
69454
45804
31447
70294
42130
1211
89847
5167
35076
5085
21652
40188
62
39267
8121
29954
99618
90774
1018
66793
35791
15573
97956
10961
28968
31956
29830
9007
24725
32834
47701
99887
87670
48373
54672
73041
20201
84267
30111
90479
29608
42157
58793
23719
23193
15258
49710
44996
55422
80292
77629
20992
88026
344
29296
61283
54962
25142
11815
36799
89499
4724
13236
85802
88169
81700
6724
12121
83495
77445
62876
5973
18658
24241
9972
64354
38531
5092
59602
94233
9855
83700
12419
85533
21661
41745
16736
6095
61119
40292
31935
88958
86188
55012
94261
35926
71587
21989
53911
98310
72062
43457
29671
17997
63842
60851
32069
46944
25016
50208
21675
39492
14819
70273
73906
23391
22057
18298
52119
93961
79536
69195
13059
6992
67940
4849
55330
29829
10799
60273
12144
1358
69393
30988
82976
94433
1329
45766
29541
83344
88389
47992
97542
72046
59483
27639
66419
34938
57015
56114
80371
47216
93529
77960
15909
5232
52667
41515
82357
13143
66866
59878
93650
81637
54359
1204
9303
87724
55284
91629
92118
26984
29281
47460
7314
51937
92605
84920
39075
77895
59480
6907
20829
33695
9783
80364
32552
70342
64209
30527
31106
73892
93051
31484
20681
7592
26041
64145
21677
65226
63321
11358
24296
54573
51240
65841
71199
32854
85051
99473
75101
30090
34637
8482
2399
27271
88972
46519
78705
81692
28563
98380
51396
34318
7389
23347
77613
10896
71400
81794
21030
13934
92656
2226
92514
32611
48573
61501
1482
68890
71102
12352
95725
61597
63877
43962
56207
45293
20997
50525
85181
22787
56068
80148
59483
62983
24917
88593
66575
21848
27354
47830
39351
68943
85370
97050
71990
61527
20292
16267
45361
51605
10623
60323
65301
17372
871
36056
60620
89022
89296
31556
54349
53499
45195
77567
60229
69754
56286
37144
12169
81991
183
86553
48807
28649
16510
90383
55956
32712
98129
49813
9094
74414
47489
45183
96522
95081
34332
63560
21696
9130
75394
95362
22083
68143
71620
85827
88920
45750
73309
84236
81343
88271
77378
44877
2605
49745
6979
84692
54502
97549
80215
33562
7387
93121
99212
79581
37054
50577
72502
40710
10560
89819
3270
66834
17888
66652
46044
10125
28529
48309
34595
1887
15339
96335
1217
6490
57477
88333
11035
4559
74850
82295
48539
49212
26730
24459
87340
42469
65811
50390
53116
22997
50345
98561
10720
61515
83098
82661
82610
89493
75369
33655
86372
12081
55564
20004
8247
48881
39595
15154
10278
87859
90462
52429
17793
96634
729
39021
84404
29837
75799
989
82975
84002
87706
69580
36551
1718
66922
11737
81425
47472
63340
97652
74634
50381
81418
90274
3337
74945
65335
54419
92295
89313
96548
94931
39402
33505
80295
28095
84694
3061
70415
2588
42734
51807
20731
5279
85309
80126
85769
36532
44883
52517
84395
1303
98180
513
27174
2746
48324
66869
24290
29579
71973
13489
34667
12588
29417
33111
43652
63643
87579
97784
37316
27678
90638
85643
76572
19018
41974
64822
52053
73262
21405
3444
44045
33555
28234
79660
11719
44492
86159
63890
31074
30778
34169
11721
71073
69239
45177
52519
8667
45294
14476
95916
92161
23807
68450
16245
71795
57575
50386
59516
51340
67828
18617
77583
64147
22855
18778
65219
51636
83265
38164
21737
82999
56723
98923
23281
26538
87208
75630
38475
30281
43208
74024
81188
60196
59015
49697
57765
75375
52437
62086
11563
37841
28043
95736
2103
11533
38627
76830
33611
12349
12634
81432
82955
91709
89287
31810
42454
99554
59971
50
16762
9090
75778
42884
35217
19048
29030
30354
84619
52810
71788
90422
89076
42246
95293
38237
30085
61124
2062
59946
39177
90025
43757
99802
59020
29355
50862
53021
25672
77509
91659
58735
17043
95128
118
99175
57831
91742
99631
14845
1690
65868
41718
95193
11718
28239
8937
57125
56810
92657
67176
97183
59657
56849
94016
61183
99138
71130
36284
18601
54617
95626
66988
32247
90611
28045
68133
86470
80800
27904
83127
59746
26005
5700
81233
21754
7183
82183
25134
41172
77762
24244
44853
50953
42303
61075
1162
23162
95071
57634
25464
55931
92724
57588
34631
41966
69204
30389
36888
21002
91995
88044
12671
86264
67038
8599
62331
94210
64492
80500
52237
65288
29758
43751
79460
36289
81425
51134
17858
48854
80649
72103
27036
67557
54689
43668
18907
82963
69232
77553
93579
86485
48135
27155
24268
76544
91641
31615
33097
75329
84449
9218
14183
44226
69033
27182
57041
59611
74756
88914
40946
84414
92510
31163
20471
94538
72097
72599
85908
25485
91977
67888
50704
70550
33891
90241
97157
10498
78688
1007
38053
14843
88956
11705
52821
67846
11921
51730
53200
90032
1870
24308
96220
20914
21414
82500
58892
96299
14317
59777
4909
33785
67203
10184
30487
12367
10289
46532
91134
67290
5057
16120
22774
42108
91274
39366
72971
44577
62224
97355
29010
57027
92816
45860
59724
2692
67433
30703
67080
94824
18151
39122
88039
97733
28738
72929
13521
15853
1368
1163
45736
90312
25863
16484
66971
75744
86465
54028
11560
52082
29069
33518
62424
40981
81384
64380
44316
12808
18665
57212
30985
76064
639
34677
66550
79148
34265
4016
51875
6356
24867
75455
54051
97488
15898
17888
2183
29814
90021
44774
63125
78770
73091
93121
62357
18037
67874
48680
25425
44915
83018
55469
26808
17125
41301
34530
80981
60945
51718
33233
20769
13183
54838
43284
40684
18233
85343
85067
16419
12751
30400
39916
26809
1509
51192
73840
9453
26551
24810
42085
70815
49855
18220
48589
14915
98126
71452
39649
56568
28430
42278
25558
62038
13775
33803
42104
1239
93126
90206
96690
2668
10345
69612
23240
4719
51013
86605
2526
18553
3401
63244
22976
10727
3942
17344
42241
59593
1996
75950
8689
21037
23196
13335
33330
27570
26330
86472
16104
82840
42590
29033
28204
27108
76733
8143
46827
1920
80960
76124
88842
27507
32712
645
40170
19513
96963
849
6758
51174
68169
68499
60476
60539
68231
34053
93445
61529
48284
74083
36348
289
29446
93477
98702
36062
98016
13230
6679
140
62156
21380
42411
28690
74418
71731
68543
45784
83170
69719
75919
42731
34265
6211
37182
19753
62506
61434
65010
25426
83009
93979
10466
23771
33662
39668
85643
65769
82637
69549
5342
97674
40738
2893
78917
43946
31780
31866
50056
71371
31126
130
13094
99796
23070
58632
85214
91737
62583
3228
15313
76000
78291
24615
56602
59216
8163
22419
21852
56508
85937
73034
92672
55542
90239
79191
30088
20564
32719
25540
7659
76265
28321
73225
56979
42062
17847
29653
88390
66169
681
23934
21667
91323
18903
35479
96458
5828
44492
50260
90048
77213
50950
20659
45805
98935
94258
26147
30391
27158
37487
62167
90936
22635
78420
40262
4926
13296
43274
6044
26565
76033
57482
88288
12548
48151
69759
92796
75963
58369
44963
85621
42460
59564
33935
54660
25972
34693
88193
72943
85920
7045
69129
6585
99381
56474
75608
80550
71918
8797
39290
68958
44261
81494
13672
14910
8495
42915
37664
73486
87696
99272
26361
3807
73975
13598
92191
4879
24834
20167
84120
54455
17490
36530
74119
82942
59691
2153
68941
33058
64370
74189
53096
83137
96748
45661
47385
92452
95652
78289
65035
46387
96061
60174
56238
82892
69647
3758
64743
29124
79454
65234
2411
20835
52435
55892
47431
27069
33852
19595
21716
69544
59937
33434
26126
95423
5056
66803
98351
3835
15711
24315
30172
68556
44789
50838
55750
44013
88851
81613
51472
96711
52864
78654
63195
90505
19314
61939
99618
58016
95456
63476
75106
45201
60313
39756
29412
34386
23336
71083
87317
59149
78104
25528
78188
23498
36756
74119
84754
55999
92626
30153
62426
45785
59143
40569
50913
82219
37975
30521
62833
80433
72089
46562
75880
71438
47398
31021
70842
15271
95431
90989
92972
40098
69573
84547
18546
95619
88885
92209
52880
76366
42927
18390
15972
87226
2370
64258
51123
11174
31091
42002
4524
38949
11350
26878
8896
40853
11329
72041
38691
49093
79058
4531
92287
2260
89487
74695
88783
22858
74077
59119
9645
29758
24674
67084
64267
60768
37272
61721
89134
92043
8793
81104
52525
81449
18449
55119
56996
44776
32608
42013
62067
1555
67789
65646
16081
10505
56992
81601
64498
26495
12099
64679
36396
90166
32925
86963
63392
34126
69036
58689
23724
86489
94132
22489
59352
13383
66303
81954
68403
65775
79693
11324
28406
94891
72125
72113
59925
17196
73669
29345
32939
4284
43255
19515
59532
24975
4614
65393
76909
22390
40044
65434
5293
86267
58766
41448
8689
94571
88471
37930
63546
45567
57719
63833
65203
83308
7043
80870
38023
12417
47107
13453
49504
46152
47458
97920
47936
18663
18111
30326
34202
24321
22739
77683
20135
49448
59025
66639
91593
60124
54916
61912
19074
27027
57973
43401
30610
63199
11726
291
16078
75182
25485
79163
60925
27440
86440
47987
44488
7525
65765
78033
53228
20635
30788
86958
7399
29597
82661
82332
83482
91370
39621
39129
26719
31690
63505
64638
9222
31680
63056
28498
35076
63858
1083
33424
96477
31058
81029
1632
50706
11803
58896
25941
70176
40866
36523
31102
41351
65352
2661
26933
30796
81765
82930
59901
25489
80236
23345
29466
3288
29028
89617
12563
71183
55036
49408
17041
61948
1305
90236
79224
90628
2829
49115
1139
91952
26778
94593
5387
9296
33401
81836
24479
9875
30558
16874
34167
80994
87377
21719
57580
55082
19751
94907
43020
15480
28587
16159
78943
60727
67631
62064
19723
98505
14535
51233
18140
18803
4860
72571
58286
60733
76409
14832
20101
64400
99383
29936
68465
65430
80217
34147
92843
23616
45036
88171
24532
84287
75803
30302
32986
87687
79515
97722
12114
748
93310
79446
94406
29324
92333
31707
23477
87946
67973
90182
96476
58649
1149
64782
20848
30940
36331
60189
63547
70977
82814
89924
56224
18167
99035
82904
25282
2071
37939
56542
81337
54289
98297
74394
71575
36020
96041
92720
62478
8545
38840
58562
77956
12438
43824
50789
93314
34461
85702
29558
15796
25314
18985
1705
57548
26948
74853
11031
66361
43521
76706
99314
20741
40444
71893
35896
15620
16278
22034
15940
85251
58408
11887
38633
84044
67299
58686
4745
13018
60891
55193
9646
12642
46303
54750
60705
75890
32289
59162
54865
8744
70054
16917
62261
32146
42488
89145
34890
86925
27697
34353
6429
73251
34676
28825
58405
61544
75984
65280
97852
51595
8177
84471
82651
63825
93281
45611
1952
12043
18262
23640
34115
35215
49663
83489
710
91631
58635
64725
3633
15270
87063
42757
35607
77357
31845
17966
79427
63671
30615
13728
24621
85768
88180
16972
15187
71686
56544
53073
69676
66700
39277
85199
65362
93787
86485
2514
85177
70413
22775
93011
87278
85389
25718
29656
41260
99400
85583
82530
98744
73662
23291
58908
80609
13074
57906
21857
95725
8768
13546
94677
5019
46842
88465
98180
25167
5403
12317
14176
73749
7131
99128
12160
63956
67763
73529
72433
11433
60544
21165
72717
56431
43540
13657
59192
74917
9148
54646
8622
71875
68376
4651
93024
88573
25403
70312
19250
41583
47676
72209
70463
18412
9138
12026
78189
52998
38697
30944
9333
78286
45083
21218
92172
41928
35708
34275
85572
51852
56116
33841
43313
96052
38637
37996
31375
77067
9276
83552
70335
26784
6815
78476
44684
58938
94826
13033
36019
11646
64966
14410
82232
23844
61006
3546
22632
21573
31086
80628
36553
60288
46812
45153
20407
18300
37882
81681
33945
28998
56643
73850
89988
59396
56053
28808
68688
63217
37413
56570
69852
60039
10752
59999
97538
49891
60647
48793
56248
78987
4777
79594
79754
52260
79525
16831
35205
9281
990
37052
23510
28682
33673
15717
70213
76281
41161
9052
15771
162
34085
38242
33523
26189
64669
62081
45028
50527
74128
34903
14279
89755
20493
39954
33704
34385
51908
11676
42309
54608
54346
20105
72315
39160
55710
91968
43087
5161
85806
77501
88156
71643
91153
18362
86466
26914
8117
75934
37167
26322
54645
34678
9952
31942
22670
96842
35272
3526
89976
73951
10678
30850
86483
61063
62397
85377
3463
28753
68817
69504
98455
40853
20381
14614
28538
34416
81168
40263
82534
49525
72116
23239
63597
49430
87212
99936
29629
98899
96882
41017
67881
85376
45202
82562
23840
65430
6646
54280
72190
13825
18702
43480
6001
7314
29670
91523
91461
96365
51138
29901
34845
7121
17545
94883
33981
7775
10468
55209
40319
87829
99510
95686
31351
50528
18453
5597
77753
73561
39121
37633
65012
68532
69428
91362
85076
49904
32997
96001
63587
49621
30159
88691
7499
16362
57495
36164
32266
87210
93416
10436
43798
81554
22832
37353
77019
8140
68163
18571
29373
43768
7580
3212
14664
88262
65016
62077
92607
27331
4045
95157
30664
8044
98903
63240
35818
70860
81613
76005
71205
95300
59466
34902
83906
44777
24579
80898
5045
80041
5810
42568
36681
24066
71423
15605
64966
9459
21528
35636
21899
62445
86833
43888
10098
13501
64027
38307
43334
72721
19167
386
18929
26644
11149
57124
64245
45655
63109
45869
78769
10282
96484
53842
48604
50911
32826
91201
41840
6840
7706
39792
89481
80274
1151
76881
13522
23360
11818
85378
59446
31533
79096
82583
94907
24597
9020
21916
18514
81170
95361
7165
33292
78374
34297
13953
29001
94331
29467
16255
56018
66306
16848
87026
65607
6539
38998
56555
40954
34139
64720
58772
7745
4498
41552
99690
36939
46479
39420
28066
77173
93307
13875
80038
3068
96391
73476
20031
29075
92243
81936
54219
32364
24079
91147
50157
65784
75741
2986
84436
97983
94201
15527
93700
9126
36160
381
50214
35622
13465
44366
47550
51137
83396
4000
22335
90624
26727
11996
31643
43049
32946
67933
82685
34676
39443
41446
9959
34933
58228
26900
79483
46339
87090
36369
43780
53909
71243
96138
40860
56
7118
18451
35318
32320
75063
88535
24575
24440
92710
12752
82164
21539
10498
42952
45554
64931
55224
69115
10799
89749
48320
42460
69457
20341
2064
35699
74941
10377
24758
67357
17107
89801
25972
85280
96900
50027
67693
14075
81421
61230
