6
36
50
56
58
59
62
62
94
118
119
130
140
157
160
162
164
183
236
256
264
289
290
291
307
319
321
344
344
346
350
356
357
358
381
382
386
411
429
448
453
458
484
501
502
509
513
539
546
549
550
562
567
572
583
585
591
596
601
607
629
634
639
645
645
652
666
681
689
698
707
710
729
748
761
788
794
806
818
820
824
828
849
849
871
876
876
879
881
882
891
910
930
930
936
940
948
989
990
998
1007
1018
1032
1050
1066
1079
1083
1093
1100
1101
1108
1121
1130
1134
1139
1147
1148
1149
1151
1153
1162
1163
1163
1197
1204
1206
1211
1217
1223
1239
1246
1250
1255
1257
1263
1266
1273
1284
1302
1303
1305
1328
1329
1334
1339
1344
1352
1358
1360
1363
1368
1377
1381
1384
1387
1389
1407
1409
1416
1427
1430
1445
1445
1467
1473
1482
1487
1503
1509
1509
1518
1523
1536
1536
1554
1555
1556
1556
1561
1561
1564
1570
1598
1616
1632
1638
1646
1648
1653
1663
1683
1690
1693
1698
1705
1713
1718
1722
1723
1727
1729
1738
1753
1761
1786
1789
1796
1819
1835
1841
1870
1877
1878
1887
1887
1920
1933
1934
1938
1952
1973
1996
1999
2016
2041
2047
2053
2059
2060
2062
2063
2064
2071
2080
2093
2103
2145
2153
2173
2183
2215
2221
2226
2235
2237
2239
2259
2260
2274
2286
2298
2310
2316
2328
2330
2331
2333
2334
2342
2363
2368
2370
2386
2398
2398
2399
2411
2422
2453
2475
2499
2510
2514
2519
2526
2531
2540
2542
2547
2547
2571
2582
2588
2594
2595
2597
2605
2609
2613
2628
2635
2635
2646
2661
2662
2664
2664
2668
2687
2692
2695
2715
2718
2723
2728
2746
2752
2754
2771
2780
2802
2812
2813
2829
2831
2831
2843
2851
2852
2852
2853
2871
2890
2891
2893
2894
2905
2909
2913
2936
2939
2949
2958
2962
2964
2978
2986
3026
3040
3040
3044
3044
3052
3061
3065
3068
3069
3072
3149
3155
3167
3172
3191
3212
3228
3270
3278
3286
3288
3297
3304
3319
3337
3345
3356
3362
3363
3401
3415
3422
3429
3444
3463
3464
3467
3490
3499
3504
3504
3510
3517
3526
3537
3539
3546
3578
3618
3624
3633
3659
3665
3666
3670
3689
3692
3698
3707
3716
3719
3726
3728
3730
3758
3774
3778
3779
3807
3809
3809
3814
3825
3825
3832
3835
3844
3858
3859
3860
3868
3893
3911
3915
3916
3920
3935
3942
3965
3967
3981
3982
3985
3993
3996
4000
4000
4006
4008
4016
4017
4037
4045
4057
4076
4092
4122
4133
4157
4162
4185
4206
4211
4223
4226
4251
4262
4275
4277
4282
4284
4297
4300
4335
4338
4408
4413
4442
4454
4460
4469
4482
4489
4498
4506
4524
4531
4546
4559
4565
4569
4587
4596
4603
4614
4615
4651
4654
4656
4662
4719
4723
4724
4726
4735
4738
4745
4753
4758
4760
4767
4768
4773
4777
4790
4794
4822
4824
4829
4849
4854
4855
4860
4879
4904
4909
4926
4942
4942
4960
4962
4986
5018
5019
5023
5028
5045
5050
5056
5057
5071
5083
5085
5087
5092
5092
5094
5095
5123
5123
5127
5135
5146
5154
5156
5161
5163
5167
5171
5189
5200
5232
5265
5266
5279
5293
5307
5307
5319
5328
5339
5342
5342
5362
5369
5376
5382
5387
5394
5398
5399
5400
5403
5409
5412
5424
5463
5477
5490
5512
5517
5521
5533
5539
5542
5542
5557
5569
5581
5587
5597
5619
5622
5651
5674
5680
5694
5700
5705
5715
5736
5745
5751
5753
5758
5760
5762
5795
5804
5810
5820
5825
5828
5833
5833
5835
5844
5857
5859
5870
5874
5877
5892
5899
5905
5912
5913
5918
5939
5949
5949
5954
5960
5970
5973
5982
5988
6001
6004
6005
6010
6044
6046
6059
6095
6105
6127
6140
6143
6146
6158
6166
6199
6207
6211
6228
6256
6267
6267
6271
6282
6294
6298
6346
6347
6353
6356
6356
6372
6388
6409
6412
6420
6421
6429
6431
6446
6448
6464
6465
6476
6485
6490
6493
6515
6516
6517
6517
6520
6522
6539
6542
6558
6574
6585
6606
6631
6632
6635
6646
6668
6679
6684
6691
6694
6696
6697
6721
6724
6730
6752
6755
6758
6772
6792
6797
6806
6808
6815
6840
6846
6851
6854
6907
6922
6922
6935
6948
6963
6978
6979
6989
6990
6992
7042
7043
7044
7045
7049
7067
7078
7086
7100
7118
7121
7131
7149
7161
7165
7183
7195
7240
7259
7270
7277
7291
7303
7304
7314
7314
7353
7380
7384
7387
7389
7395
7396
7396
7399
7399
7405
7410
7429
7434
7454
7460
7466
7493
7499
7504
7518
7520
7525
7530
7534
7554
7563
7574
7580
7581
7592
7607
7624
7643
7659
7659
7687
7694
7700
7706
7722
7723
7732
7733
7745
7760
7769
7775
7800
7812
7854
7855
7880
7915
7925
7926
7928
7931
7939
7950
7955
7969
7995
7996
8005
8010
8036
8042
8044
8048
8052
8083
8094
8100
8117
8120
8121
8135
8140
8143
8154
8163
8163
8177
8179
8188
8192
8192
8202
8208
8209
8213
8218
8247
8253
8270
8285
8286
8292
8305
8311
8324
8337
8338
8345
8403
8428
8454
8473
8482
8485
8495
8501
8536
8545
8546
8570
8577
8591
8599
8601
8622
8632
8642
8652
8660
8660
8666
8667
8689
8689
8718
8728
8732
8735
8744
8757
8758
8761
8766
8768
8768
8773
8776
8781
8784
8788
8793
8797
8833
8837
8838
8853
8856
8863
8878
8882
8896
8899
8912
8921
8927
8928
8937
8946
8973
8981
9002
9006
9007
9019
9020
9024
9027
9028
9043
9046
9052
9057
9066
9090
9094
9105
9124
9126
9128
9130
9138
9148
9151
9176
9207
9211
9218
9220
9222
9231
9242
9242
9250
9252
9275
9276
9280
9281
9296
9303
9310
9330
9330
9333
9341
9345
9381
9392
9397
9402
9407
9431
9441
9453
9459
9463
9464
9465
9466
9470
9512
9514
9525
9530
9532
9569
9573
9578
9580
9583
9593
9594
9610
9613
9620
9627
9629
9641
9644
9645
9646
9666
9681
9705
9718
9736
9741
9753
9760
9783
9791
9855
9875
9881
9909
9911
9923
9947
9950
9952
9959
9971
9972
9989
10002
10008
10019
10022
10022
10041
10060
10062
10063
10083
10085
10091
10095
10098
10114
10125
10148
10171
10184
10221
10254
10260
10265
10278
10278
10282
10283
10288
10289
10306
10306
10309
10328
10345
10352
10366
10377
10386
10397
10408
10418
10421
10433
10436
10446
10452
10453
10466
10468
10471
10480
10488
10493
10498
10498
10505
10518
10522
10526
10535
10560
10584
10587
10598
10615
10623
10625
10628
10632
10641
10645
10645
10661
10666
10673
10678
10686
10695
10720
10727
10745
10752
10758
10759
10762
10764
10768
10771
10778
10783
10786
10799
10799
10829
10832
10879
10886
10889
10896
10927
10927
10932
10945
10961
10962
10990
10993
11003
11004
11022
11027
11031
11034
11035
11047
11070
11085
11094
11096
11106
11119
11132
11141
11149
11165
11174
11182
11187
11204
11219
11225
11231
11232
11232
11237
11250
11272
11288
11297
11310
11322
11324
11329
11350
11351
11358
11363
11377
11380
11411
11411
11433
11433
11448
11449
11458
11481
11488
11489
11516
11516
11521
11526
11533
11545
11549
11560
11563
11565
11579
11584
11589
11591
11599
11619
11620
11646
11663
11672
11676
11705
11705
11709
11716
11718
11719
11719
11721
11724
11726
11737
11743
11748
11764
11770
11792
11800
11803
11813
11815
11818
11823
11837
11841
11842
11843
11851
11887
11887
11894
11921
11965
11991
11996
12002
12004
12006
12007
12020
12026
12033
12043
12056
12077
12077
12080
12081
12095
12099
12114
12121
12123
12126
12132
12144
12149
12152
12157
12160
12164
12169
12170
12195
12200
12203
12207
12232
12262
12271
12281
12283
12317
12347
12349
12352
12367
12378
12380
12394
12411
12415
12417
12419
12420
12427
12438
12449
12455
12467
12470
12474
12488
12523
12525
12537
12537
12538
12539
12548
12548
12549
12563
12566
12566
12588
12594
12595
12604
12630
12634
12642
12668
12671
12678
12703
12720
12721
12748
12751
12752
12759
12760
12778
12791
12802
12808
12815
12817
12831
12854
12856
12862
12889
12897
12903
12911
12914
12922
12929
12932
12952
12962
12994
13010
13018
13022
13033
13034
13041
13045
13059
13061
13062
13074
13094
13103
13143
13150
13183
13186
13190
13211
13217
13230
13234
13236
13237
13273
13296
13303
13304
13313
13313
13324
13335
13352
13356
13369
13383
13384
13397
13406
13407
13419
13440
13447
13453
13458
13461
13465
13465
13471
13489
13499
13501
13521
13522
13538
13546
13569
13585
13594
13594
13598
13598
13606
13615
13634
13641
13646
13652
13657
13671
13672
13679
13691
13693
13695
13703
13708
13728
13753
13763
13769
13775
13782
13787
13787
13796
13803
13815
13825
13838
13847
13856
13875
13884
13891
13928
13930
13934
13937
13953
13962
13992
14000
14016
14031
14033
14075
14089
14089
14094
14095
14098
14100
14113
14125
14126
14143
14156
14166
14171
14172
14176
14183
14192
14209
14212
14242
14247
14278
14279
14285
14304
14308
14317
14333
14380
14410
14429
14441
14447
14476
14488
14491
14503
14511
14519
14535
14539
14574
14574
14576
14581
14595
14599
14614
14614
14629
14664
14707
14707
14709
14716
14718
14719
14748
14756
14765
14788
14806
14812
14813
14814
14814
14819
14832
14835
14843
14845
14854
14860
14880
14882
14885
14899
14910
14915
14936
14940
14956
14974
14983
14988
14990
14997
15017
15028
15069
15086
15088
15154
15156
15156
15172
15187
15201
15213
15217
15243
15244
15250
15251
15258
15269
15270
15271
15282
15309
15313
15322
15339
15339
15341
15368
15370
15419
15429
15449
15469
15480
15488
15492
15500
15505
15508
15527
15573
15573
15574
15592
15597
15605
15620
15627
15631
15634
15663
15674
15682
15700
15711
15713
15717
15726
15730
15771
15771
15793
15796
15828
15837
15849
15850
15853
15875
15876
15876
15880
15886
15898
15909
15909
15928
15940
15941
15952
15972
15996
15999
16014
16016
16019
16029
16046
16048
16073
16078
16081
16104
16105
16105
16120
16123
16125
16126
16129
16152
16159
16175
16192
16201
16242
16245
16255
16262
16267
16276
16278
16306
16314
16326
16333
16336
16348
16356
16362
16365
16375
16381
16408
16408
16412
16414
16419
16429
16445
16451
16462
16463
16476
16484
16506
16510
16513
16529
16534
16545
16547
16550
16560
16593
16600
16603
16603
16605
16608
16616
16626
16627
16628
16636
16652
16653
16663
16668
16707
16725
16736
16752
16761
16762
16769
16795
16798
16801
16813
16818
16823
16831
16833
16842
16843
16848
16849
16851
16856
16857
16870
16874
16874
16876
16887
16888
16889
16892
16910
16915
16917
16939
16947
16952
16956
16972
16975
16987
16990
16994
17019
17041
17043
17056
17060
17076
17080
17099
17107
17125
17128
17135
17146
17148
17161
17173
17180
17181
17196
17253
17254
17277
17280
17303
17304
17316
17323
17344
17349
17351
17370
17372
17372
17374
17389
17424
17431
17448
17455
17460
17464
17468
17478
17480
17490
17495
17497
17508
17508
17515
17528
17533
17537
17545
17546
17574
17605
17611
17623
17638
17646
17663
17672
17672
17683
17692
17711
17714
17719
17739
17759
17783
17793
17793
17800
17806
17809
17830
17834
17847
17852
17858
17858
17861
17868
17868
17880
17883
17888
17888
17905
17908
17913
17923
17924
17929
17940
17958
17966
17972
17973
17978
17978
17994
17997
18011
18012
18018
18027
18029
18037
18046
18070
18071
18111
18126
18129
18130
18140
18151
18167
18182
18186
18190
18203
18205
18208
18220
18220
18221
18233
18236
18247
18262
18262
18269
18275
18298
18300
18309
18309
18331
18338
18362
18390
18391
18395
18412
18429
18436
18445
18449
18451
18453
18478
18484
18507
18514
18525
18529
18546
18553
18553
18571
18592
18601
18605
18617
18618
18619
18620
18655
18658
18663
18665
18683
18690
18692
18694
18702
18702
18719
18743
18752
18752
18754
18773
18778
18778
18778
18803
18807
18808
18817
18821
18851
18869
18874
18892
18893
18902
18903
18907
18910
18911
18929
18952
18966
18969
18979
18980
18985
18986
18986
18987
19003
19017
19018
19039
19046
19048
19049
19066
19074
19084
19104
19131
19160
19167
19188
19195
19208
19250
19275
19280
19282
19297
19303
19307
19314
19340
19344
19355
19375
19384
19400
19456
19466
19467
19473
19489
19513
19515
19523
19526
19535
19540
19548
19548
19586
19595
19606
19606
19608
19641
19673
19681
19689
19697
19709
19715
19721
19723
19734
19748
19751
19752
19753
19755
19759
19769
19785
19785
19799
19803
19810
19814
19823
19829
19830
19831
19849
19863
19873
19891
19912
19917
19918
19918
19921
19937
19955
19986
19999
20004
20022
20026
20030
20031
20031
20068
20071
20072
20085
20101
20105
20110
20111
20126
20135
20147
20167
20167
20184
20192
20201
20208
20233
20239
20248
20249
20265
20285
20289
20292
20299
20305
20326
20330
20341
20351
20381
20388
20390
20407
20408
20413
20458
20462
20471
20493
20493
20502
20506
20509
20516
20519
20564
20585
20585
20586
20597
20613
20631
20635
20637
20638
20659
20660
20667
20674
20676
20681
20694
20694
20698
20701
20704
20706
20707
20720
20731
20736
20737
20741
20745
20753
20769
20816
20829
20835
20848
20851
20887
20891
20905
20914
20924
20930
20934
20943
20953
20992
20995
20997
21002
21005
21017
21030
21037
21045
21064
21083
21126
21129
21133
21165
21169
21181
21213
21218
21223
21240
21242
21250
21258
21286
21295
21299
21317
21367
21370
21378
21380
21383
21405
21411
21414
21419
21420
21435
21436
21445
21449
21452
21479
21488
21528
21539
21549
21560
21573
21588
21595
21615
21621
21627
21631
21634
21637
21650
21652
21661
21667
21670
21675
21677
21696
21701
21702
21716
21719
21723
21737
21745
21746
21749
21754
21771
21775
21795
21796
21812
21819
21822
21840
21848
21852
21856
21857
21881
21895
21899
21900
21916
21919
21925
21928
21929
21932
21939
21947
21958
21976
21983
21984
21989
22034
22041
22046
22057
22083
22095
22137
22161
22166
22168
22169
22204
22205
22230
22232
22263
22268
22312
22320
22335
22365
22386
22390
22415
22416
22419
22433
22450
22470
22485
22489
22496
22561
22571
22587
22592
22603
22621
22632
22635
22651
22670
22674
22688
22696
22707
22723
22739
22748
22753
22753
22774
22775
22783
22787
22806
22807
22825
22826
22832
22855
22858
22860
22865
22878
22897
22909
22918
22930
22953
22957
22976
22980
22989
22990
22994
22997
23012
23019
23025
23040
23047
23055
23070
23071
23083
23087
23101
23105
23106
23114
23129
23149
23154
23162
23171
23193
23196
23198
23201
23214
23218
23227
23233
23233
23236
23239
23240
23244
23249
23252
23253
23276
23278
23281
23289
23291
23297
23311
23321
23323
23326
23336
23345
23345
23347
23347
23356
23359
23360
23371
23390
23391
23410
23412
23420
23425
23449
23462
23462
23471
23477
23477
23484
23498
23507
23508
23510
23530
23539
23551
23563
23564
23599
23604
23614
23616
23621
23630
23640
23663
23690
23695
23696
23711
23716
23717
23719
23722
23724
23742
23746
23759
23771
23772
23780
23801
23806
23807
23811
23829
23837
23840
23840
23844
23869
23934
23953
23958
23963
23966
23968
24066
24066
24072
24079
24084
24089
24124
24144
24147
24161
24165
24174
24187
24191
24210
24214
24231
24238
24241
24244
24244
24259
24268
24290
24296
24306
24307
24307
24308
24311
24315
24321
24338
24341
24359
24371
24376
24392
24393
24440
24459
24469
24473
24479
24490
24496
24517
24522
24532
24537
24542
24550
24569
24572
24575
24579
24580
24597
24604
24609
24613
24614
24615
24621
24653
24660
24664
24674
24681
24687
24703
24711
24725
24727
24746
24758
24764
24785
24798
24804
24806
24810
24816
24816
24834
24851
24859
24867
24883
24896
24897
24909
24913
24917
24927
24944
24955
24975
24976
24994
25004
25016
25020
25026
25041
25053
25054
25105
25130
25134
25134
25141
25142
25145
25163
25165
25166
25167
25170
25179
25190
25195
25207
25215
25227
25239
25240
25247
25273
25278
25282
25313
25314
25325
25333
25333
25349
25375
25395
25403
25407
25422
25425
25426
25428
25437
25447
25458
25464
25485
25485
25486
25488
25489
25500
25503
25510
25527
25528
25529
25540
25546
25554
25558
25573
25583
25604
25610
25616
25623
25648
25657
25668
25672
25708
25716
25716
25718
25726
25733
25755
25766
25768
25777
25788
25791
25796
25808
25811
25817
25824
25825
25863
25887
25891
25907
25918
25929
25941
25954
25954
25955
25972
25972
25990
26003
26005
26005
26022
26029
26041
26042
26043
26044
26057
26060
26066
26082
26084
26109
26126
26132
26137
26147
26189
26194
26196
26216
26225
26237
26239
26258
26264
26272
26274
26281
26284
26307
26322
26330
26345
26347
26361
26375
26389
26391
26401
26410
26433
26469
26471
26475
26482
26484
26486
26495
26512
26524
26538
26542
26544
26547
26551
26556
26565
26595
26600
26602
26609
26620
26634
26642
26644
26667
26668
26686
26700
26719
26727
26730
26732
26741
26778
26784
26792
26795
26797
26808
26809
26830
26845
26850
26858
26878
26879
26881
26893
26893
26899
26900
26908
26914
26914
26917
26933
26948
26966
26984
26984
26998
27012
27027
27036
27063
27069
27100
27108
27155
27158
27174
27177
27181
27182
27216
27219
27222
27230
27236
27242
27271
27279
27291
27308
27324
27331
27336
27346
27354
27359
27376
27377
27395
27409
27420
27440
27449
27452
27457
27466
27484
27503
27505
27507
27512
27519
27525
27536
27548
27549
27551
27558
27559
27570
27584
27600
27604
27612
27620
27622
27635
27639
27647
27649
27678
27697
27703
27724
27730
27739
27764
27776
27777
27778
27783
27787
27807
27839
27839
27844
27862
27881
27903
27904
27912
27934
27949
27966
28003
28006
28019
28042
28043
28045
28066
28080
28092
28095
28126
28145
28153
28163
28174
28175
28176
28190
28204
28212
28224
28234
28237
28239
28270
28272
28279
28286
28288
28311
28315
28321
28348
28406
28430
28448
28494
28495
28498
28498
28511
28525
28529
28538
28538
28539
28540
28546
28563
28578
28587
28587
28598
28606
28608
28623
28648
28649
28658
28668
28671
28673
28676
28682
28686
28690
28699
28708
28729
28738
28748
28753
28757
28758
28790
28800
28808
28824
28825
28833
28838
28864
28871
28880
28895
28906
28910
28929
28941
28967
28968
28990
28992
28995
28998
29001
29010
29010
29013
29017
29023
29028
29030
29033
29054
29054
29061
29069
29075
29095
29124
29156
29169
29187
29195
29198
29205
29214
29253
29268
29271
29273
29281
29290
29294
29296
29303
29303
29318
29318
29324
29324
29330
29345
29355
29365
29366
29373
29399
29402
29412
29417
29417
29446
29446
29466
29467
29471
29479
29483
29490
29532
29541
29558
29558
29569
29579
29597
29608
29622
29629
29632
29634
29653
29656
29670
29671
29723
29732
29737
29758
29758
29766
29788
29792
29796
29814
29826
29829
29830
29837
29841
29844
29847
29891
29892
29901
29924
29936
29937
29950
29954
29954
30003
30013
30072
30078
30085
30088
30090
30097
30098
30111
30113
30120
30122
30128
30153
30159
30162
30172
30173
30176
30188
30213
30221
30253
30262
30275
30277
30281
30298
30302
30314
30326
30344
30347
30354
30379
30389
30391
30400
30430
30448
30455
30481
30487
30521
30527
30534
30537
30550
30558
30558
30598
30601
30610
30613
30615
30636
30642
30664
30664
30666
30667
30671
30676
30681
30682
30703
30706
30712
30724
30735
30750
30762
30765
30767
30778
30788
30796
30821
30821
30831
30835
30847
30850
30870
30888
30890
30920
30925
30940
30944
30958
30959
30967
30967
30968
30985
30988
30990
31005
31016
31019
31021
31046
31058
31074
31086
31091
31096
31097
31102
31104
31106
31110
31114
31126
31163
31165
31171
31195
31199
31263
31270
31287
31295
31301
31308
31318
31343
31351
31375
31377
31396
31398
31398
31410
31413
31416
31423
31427
31427
31428
31428
31429
31443
31447
31454
31462
31480
31481
31484
31484
31485
31492
31509
31528
31531
31533
31543
31543
31556
31560
31563
31571
31572
31588
31599
31602
31607
31615
31626
31639
31643
31665
31674
31680
31690
31694
31695
31707
31707
31723
31728
31749
31752
31767
31769
31771
31774
31780
31780
31792
31810
31817
31829
31839
31845
31852
31855
31866
31884
31904
31907
31912
31934
31935
31935
31942
31956
31960
31966
31982
31994
31998
32018
32069
32103
32104
32112
32127
32131
32132
32146
32160
32172
32175
32181
32185
32194
32214
32240
32247
32253
32254
32266
32267
32278
32278
32280
32283
32284
32289
32302
32319
32320
32325
32329
32331
32337
32338
32340
32360
32364
32373
32387
32395
32460
32464
32476
32479
32483
32487
32499
32531
32552
32574
32576
32582
32583
32605
32608
32611
32652
32653
32656
32659
32679
32682
32697
32701
32712
32712
32719
32733
32748
32751
32754
32757
32761
32785
32788
32794
32808
32821
32826
32834
32841
32850
32853
32854
32870
32909
32913
32917
32918
32921
32925
32925
32932
32939
32946
32959
32966
32971
32973
32986
32987
32997
33008
33033
33047
33058
33079
33081
33084
33097
33097
33111
33111
33127
33128
33141
33141
33173
33198
33200
33214
33222
33233
33234
33258
33265
33278
33292
33309
33310
33316
33319
33330
33338
33348
33358
33359
33367
33399
33401
33421
33421
33424
33433
33434
33439
33451
33481
33482
33494
33503
33505
33513
33516
33518
33523
33545
33546
33552
33555
33562
33564
33569
33576
33582
33592
33598
33609
33611
33616
33634
33636
33653
33655
33662
33673
33674
33676
33684
33695
33697
33703
33704
33724
33732
33756
33757
33759
33769
33778
33785
33791
33803
33812
33816
33819
33841
33843
33844
33846
33852
33888
33891
33895
33902
33922
33935
33942
33945
33947
33965
33965
33981
33985
33991
34028
34053
34085
34088
34092
34115
34126
34137
34139
34147
34149
34166
34167
34169
34170
34171
34189
34191
34202
34203
34210
34211
34213
34215
34219
34227
34238
34259
34265
34265
34275
34276
34292
34297
34318
34330
34332
34333
34338
34353
34353
34385
34386
34400
34404
34416
34418
34430
34461
34465
34466
34469
34472
34481
34489
34512
34512
34530
34534
34553
34556
34561
34569
34587
34595
34595
34613
34618
34624
34631
34637
34648
34648
34667
34676
34676
34677
34678
34685
34693
34710
34725
34733
34745
34763
34786
34808
34809
34827
34829
34837
34845
34858
34890
34896
34900
34902
34903
34907
34912
34925
34933
34937
34938
34940
34963
34978
34985
34988
34998
35001
35035
35038
35052
35067
35076
35076
35081
35096
35105
35112
35125
35131
35144
35151
35156
35192
35201
35205
35213
35215
35217
35227
35229
35248
35249
35252
35264
35272
35282
35318
35326
35328
35338
35341
35341
35345
35350
35355
35375
35401
35402
35426
35436
35448
35455
35479
35497
35523
35535
35538
35549
35552
35567
35597
35606
35607
35609
35616
35622
35636
35650
35692
35694
35699
35708
35710
35751
35753
35774
35783
35791
35795
35808
35818
35841
35846
35848
35858
35858
35875
35896
35896
35903
35917
35926
35943
35949
35963
35974
35991
36000
36018
36019
36020
36049
36053
36056
36062
36080
36094
36098
36105
36132
36143
36159
36160
36164
36165
36189
36196
36237
36241
36284
36284
36289
36290
36307
36310
36310
36316
36331
36346
36348
36357
36369
36369
36377
36381
36390
36396
36410
36426
36428
36432
36435
36442
36454
36467
36499
36502
36514
36519
36523
36530
36532
36551
36553
36557
36591
36593
36597
36604
36610
36627
36632
36638
36648
36654
36671
36677
36681
36686
36688
36691
36717
36717
36718
36726
36729
36729
36739
36756
36774
36799
36801
36809
36815
36823
36830
36834
36842
36856
36860
36888
36889
36916
36920
36925
36937
36939
36948
36949
36985
37001
37014
37014
37035
37046
37052
37054
37061
37074
37089
37100
37127
37134
37135
37140
37144
37157
37167
37173
37182
37187
37219
37261
37272
37280
37286
37289
37292
37306
37308
37316
37317
37340
37347
37353
37378
37387
37398
37410
37413
37421
37463
37464
37468
37481
37487
37498
37498
37501
37502
37546
37551
37573
37578
37580
37582
37584
37593
37597
37608
37609
37624
37627
37633
37664
37670
37670
37740
37756
37782
37785
37801
37806
37820
37823
37832
37833
37840
37841
37841
37880
37881
37882
37887
37910
37927
37930
37939
37942
37954
37957
37959
37975
37987
37996
38021
38023
38027
38036
38053
38062
38064
38083
38090
38120
38133
38134
38136
38137
38138
38149
38164
38165
38167
38174
38193
38195
38231
38237
38242
38242
38272
38282
38307
38310
38325
38356
38377
38412
38413
38414
38423
38469
38470
38472
38475
38475
38476
38477
38511
38531
38571
38580
38582
38586
38598
38605
38627
38631
38633
38634
38637
38660
38663
38665
38670
38687
38691
38697
38697
38706
38710
38717
38743
38750
38764
38764
38808
38811
38820
38820
38840
38871
38897
38898
38904
38906
38909
38948
38949
38967
38970
38983
38992
38994
38998
39008
39018
39021
39021
39054
39075
39081
39081
39091
39109
39121
39122
39129
39130
39136
39143
39156
39160
39177
39188
39190
39225
39236
39266
39267
39271
39276
39277
39285
39290
39346
39346
39351
39354
39366
39377
39386
39390
39391
39402
39405
39409
39420
39443
39461
39464
39471
39492
39494
39496
39511
39518
39536
39546
39572
39579
39580
39595
39609
39621
39640
39649
39656
39668
39675
39684
39702
39703
39717
39743
39748
39756
39756
39763
39763
39763
39792
39796
39799
39812
39815
39816
39851
39870
39873
39907
39912
39916
39954
39971
39982
39982
40031
40044
40060
40080
40082
40084
40092
40098
40100
40132
40162
40170
40172
40173
40176
40188
40194
40198
40212
40216
40262
40263
40278
40292
40314
40319
40319
40324
40324
40326
40345
40350
40358
40361
40372
40377
40381
40395
40418
40436
40444
40452
40453
40485
40492
40519
40525
40528
40528
40534
40534
40542
40552
40569
40580
40596
40599
40622
40643
40659
40664
40684
40684
40685
40710
40728
40737
40738
40762
40806
40815
40818
40823
40830
40838
40839
40853
40853
40860
40865
40866
40883
40883
40885
40894
40905
40908
40924
40936
40946
40952
40954
40972
40981
41017
41030
41051
41061
41071
41107
41112
41116
41120
41126
41126
41145
41161
41172
41173
41194
41228
41238
41245
41254
41260
41269
41284
41288
41291
41301
41303
41310
41318
41329
41336
41340
41351
41357
41364
41382
41417
41431
41446
41448
41501
41510
41515
41515
41537
41539
41552
41576
41581
41583
41587
41622
41634
41640
41670
41702
41718
41724
41730
41736
41745
41764
41771
41786
41787
41809
41820
41831
41840
41865
41890
41911
41919
41924
41928
41947
41956
41966
41974
41976
41987
41988
42002
42011
42013
42017
42017
42021
42062
42075
42085
42104
42108
42111
42126
42130
42136
42155
42157
42173
42194
42220
42221
42228
42229
42232
42241
42246
42249
42259
42271
42278
42281
42284
42303
42305
42309
42322
42328
42338
42339
42344
42364
42398
42411
42417
42434
42437
42454
42460
42460
42469
42472
42488
42533
42544
42568
42568
42580
42588
42590
42594
42595
42600
42609
42610
42613
42640
42682
42695
42698
42707
42712
42714
42731
42734
42740
42752
42757
42757
42771
42795
42803
42808
42810
42813
42813
42816
42820
42833
42853
42860
42863
42874
42884
42886
42887
42887
42904
42915
42927
42952
42972
42977
42992
43002
43007
43020
43022
43025
43034
43040
43041
43041
43044
43047
43049
43057
43072
43081
43087
43089
43104
43116
43130
43132
43170
43197
43204
43208
43209
43225
43227
43229
43232
43235
43241
43242
43252
43255
43260
43274
43284
43309
43309
43313
43316
43334
43334
43338
43339
43344
43345
43347
43353
43378
43394
43401
43424
43427
43441
43451
43453
43456
43457
43462
43478
43480
43481
43503
43504
43509
43518
43521
43528
43540
43542
43543
43563
43564
43567
43574
43590
43604
43607
43631
43632
43643
43649
43652
43668
43684
43699
43743
43750
43751
43757
43768
43780
43786
43787
43798
43821
43824
43832
43845
43849
43852
43867
43871
43874
43888
43899
43902
43920
43937
43941
43944
43946
43962
43962
43980
43984
43987
44013
44045
44061
44070
44071
44095
44105
44112
44115
44119
44124
44148
44150
44158
44161
44223
44226
44228
44234
44257
44261
44277
44290
44291
44295
44316
44327
44358
44365
44366
44374
44375
44383
44397
44412
44413
44462
44478
44488
44492
44492
44494
44515
44518
44520
44534
44547
44557
44577
44590
44602
44602
44603
44603
44614
44618
44628
44643
44673
44676
44683
44684
44691
44706
44710
44740
44752
44764
44774
44776
44777
44789
44794
44806
44815
44816
44818
44821
44834
44853
44868
44873
44877
44879
44883
44914
44915
44915
44915
44952
44963
44989
44991
44996
45001
45011
45028
45036
45036
45038
45040
45041
45046
45056
45065
45074
45078
45083
45101
45108
45116
45127
45129
45144
45153
45160
45177
45183
45195
45199
45201
45202
45208
45209
45217
45219
45222
45226
45242
45260
45293
45294
45295
45323
45330
45335
45337
45361
45365
45397
45404
45430
45436
45442
45454
45471
45481
45539
45540
45548
45550
45553
45554
45565
45567
45573
45590
45595
45606
45611
45616
45621
45634
45655
45661
45685
45700
45724
45730
45736
45750
45766
45768
45784
45785
45800
45804
45805
45815
45839
45860
45869
45870
45887
45910
45919
45920
45924
45946
45946
45980
45982
46007
46019
46042
46044
46048
46061
46067
46092
46097
46099
46130
46132
46148
46151
46152
46170
46172
46177
46177
46208
46208
46222
46224
46224
46256
46268
46269
46272
46272
46283
46293
46303
46311
46313
46318
46327
46339
46354
46366
46387
46392
46393
46442
46459
46460
46463
46466
46471
46479
46479
46485
46488
46494
46512
46519
46532
46549
46549
46550
46556
46562
46587
46630
46639
46658
46659
46677
46681
46720
46727
46749
46752
46762
46766
46782
46795
46797
46812
46827
46830
46842
46867
46868
46891
46901
46903
46911
46937
46941
46944
46948
46953
46959
46983
46984
46991
47000
47023
47028
47033
47054
47055
47059
47101
47107
47114
47115
47122
47124
47127
47137
47146
47157
47197
47199
47214
47216
47227
47240
47258
47262
47278
47290
47309
47327
47339
47353
47383
47385
47390
47398
47431
47445
47450
47452
47458
47460
47467
47472
47478
47479
47486
47488
47489
47504
47510
47538
47550
47580
47597
47602
47611
47626
47638
47670
47676
47700
47701
47708
47721
47735
47740
47743
47756
47758
47773
47773
47791
47794
47830
47845
47900
47904
47908
47921
47936
47951
47958
47962
47969
47973
47987
47992
48019
48032
48038
48049
48065
48067
48091
48094
48100
48112
48124
48130
48135
48135
48136
48151
48188
48211
48230
48277
48284
48287
48288
48296
48309
48310
48315
48320
48324
48331
48356
48363
48366
48373
48377
48379
48398
48407
48426
48427
48439
48448
48487
48505
48520
48536
48537
48539
48541
48555
48573
48575
48585
48589
48594
48595
48603
48604
48613
48621
48625
48634
48643
48648
48651
48652
48679
48680
48740
48742
48742
48751
48793
48806
48807
48841
48854
48862
48881
48915
48928
48947
48959
48969
48970
48987
48995
48999
49013
49020
49079
49093
49096
49096
49111
49115
49120
49125
49127
49131
49151
49159
49170
49202
49211
49212
49222
49228
49243
49243
49247
49258
49267
49300
49308
49317
49326
49341
49349
49355
49362
49365
49392
49405
49408
49430
49431
49435
49448
49460
49466
49466
49498
49504
49525
49560
49564
49592
49608
49620
49621
49629
49663
49697
49703
49710
49731
49745
49753
49766
49769
49800
49813
49833
49833
49848
49855
49855
49871
49878
49883
49884
49891
49894
49897
49898
49904
49944
49945
49962
49966
49980
50001
50003
50009
50019
50027
50042
50056
50094
50108
50110
50112
50126
50135
50138
50157
50173
50175
50180
50188
50208
50214
50223
50238
50249
50260
50262
50267
50285
50285
50289
50323
50328
50333
50345
50367
50381
50382
50386
50386
50390
50391
50392
50394
50405
50415
50427
50433
50438
50451
50465
50488
50493
50501
50525
50527
50528
50531
50547
50571
50573
50577
50588
50600
50661
50704
50706
50713
50715
50718
50740
50741
50762
50779
50783
50789
50793
50800
50811
50822
50822
50823
50826
50838
50862
50882
50883
50886
50887
50909
50911
50911
50913
50921
50924
50925
50928
50950
50953
50972
50973
50976
50980
50986
50990
50991
51010
51013
51015
51026
51038
51039
51043
51044
51062
51079
51086
51106
51118
51122
51123
51125
51134
51137
51138
51162
51174
51175
51192
51196
51204
51210
51222
51226
51233
51240
51247
51258
51277
51278
51281
51292
51296
51320
51327
51340
51340
51345
51357
51361
51369
51381
51396
51402
51417
51425
51441
51445
51449
51451
51454
51459
51465
51472
51497
51506
51508
51520
51520
51534
51545
51574
51595
51605
51608
51615
51636
51664
51670
51673
51693
51718
51730
51751
51754
51760
51766
51779
51780
51807
51852
51858
51859
51875
51890
51896
51902
51908
51910
51910
51917
51918
51937
51944
51976
51980
51981
52024
52035
52046
52052
52053
52054
52067
52071
52082
52088
52112
52118
52119
52120
52131
52154
52181
52198
52207
52210
52237
52245
52260
52263
52279
52280
52285
52285
52300
52312
52323
52348
52350
52350
52371
52378
52388
52402
52429
52435
52436
52437
52456
52457
52470
52477
52506
52513
52517
52518
52519
52520
52525
52525
52526
52527
52549
52555
52633
52639
52643
52644
52648
52650
52667
52673
52676
52683
52704
52706
52752
52754
52763
52764
52775
52810
52819
52821
52856
52862
52864
52865
52869
52873
52880
52886
52889
52889
52893
52900
52905
52919
52928
52936
52939
52944
52949
52949
52955
52956
52956
52960
52974
52995
52998
53002
53021
53023
53025
53034
53047
53073
53074
53096
53096
53116
53118
53119
53173
53184
53200
53206
53208
53212
53218
53228
53255
53264
53289
53307
53311
53316
53319
53373
53386
53387
53402
53406
53407
53408
53411
53421
53450
53484
53499
53521
53524
53526
53536
53538
53542
53553
53557
53561
53614
53641
53677
53681
53684
53686
53687
53688
53689
53689
53691
53692
53711
53716
53722
53732
53743
53758
53785
53792
53824
53827
53840
53842
53876
53906
53909
53911
53915
53932
53933
53935
53935
53948
53954
53960
53976
53998
53998
54013
54024
54028
54037
54047
54051
54080
54086
54089
54119
54126
54137
54143
54146
54160
54179
54180
54219
54226
54263
54266
54280
54289
54315
54315
54323
54337
54342
54346
54346
54349
54354
54359
54361
54377
54407
54419
54428
54430
54432
54454
54455
54486
54490
54502
54506
54511
54513
54524
54558
54562
54573
54577
54599
54608
54617
54622
54645
54646
54660
54669
54672
54676
54689
54694
54722
54732
54733
54744
54747
54750
54752
54756
54758
54763
54786
54801
54802
54804
54817
54829
54834
54838
54848
54865
54866
54868
54888
54913
54916
54920
54923
54931
54947
54954
54962
54976
54987
54999
55012
55012
55020
55036
55074
55077
55080
55082
55089
55107
55119
55124
55128
55136
55158
55164
55165
55193
55209
55211
55213
55224
55224
55226
55231
55234
55257
55263
55269
55284
55287
55308
55320
55324
55330
55332
55347
55352
55371
55372
55395
55415
55422
55426
55437
55446
55452
55469
55469
55489
55496
55502
55506
55520
55526
55528
55534
55542
55564
55571
55589
55598
55626
55662
55670
55710
55727
55734
55744
55750
55765
55817
55822
55850
55861
55875
55879
55892
55901
55920
55924
55931
55937
55942
55949
55956
55970
55986
55990
55995
55999
56007
56012
56016
56017
56018
56020
56031
56049
56052
56052
56052
56053
56059
56060
56066
56068
56076
56092
56097
56102
56106
56106
56114
56116
56123
56134
56141
56148
56157
56180
56192
56207
56210
56224
56238
56241
56244
56248
56256
56258
56260
56272
56286
56320
56342
56344
56348
56376
56386
56389
56418
56431
56431
56461
56468
56474
56489
56497
56508
56510
56511
56518
56525
56541
56542
56544
56555
56568
56570
56584
56590
56595
56600
56602
56643
56645
56697
56723
56773
56810
56826
56849
56857
56867
56872
56886
56894
56900
56965
56967
56979
56991
56992
56996
57010
57014
57015
57027
57032
57041
57054
57063
57083
57086
57113
57124
57125
57128
57136
57140
57165
57179
57203
57210
57212
57227
57233
57236
57239
57243
57252
57259
57260
57260
57277
57337
57343
57349
57350
57352
57360
57372
57381
57382
57390
57405
57469
57473
57477
57482
57495
57502
57517
57526
57529
57548
57575
57580
57582
57588
57598
57612
57634
57654
57671
57684
57701
57702
57719
57725
57758
57765
57794
57794
57806
57831
57850
57850
57861
57906
57915
57929
57970
57973
57975
57979
57995
58016
58035
58067
58069
58092
58096
58099
58101
58119
58121
58123
58145
58153
58169
58190
58197
58212
58228
58241
58256
58266
58270
58273
58286
58331
58331
58334
58348
58362
58369
58372
58384
58391
58405
58408
58418
58431
58432
58439
58449
58456
58458
58479
58484
58493
58498
58502
58504
58562
58566
58593
58606
58616
58624
58632
58635
58637
58642
58649
58659
58680
58686
58689
58692
58694
58697
58698
58705
58735
58737
58738
58766
58772
58793
58793
58804
58828
58847
58851
58886
58892
58895
58896
58908
58909
58928
58936
58938
58959
58983
59013
59015
59020
59024
59025
59032
59046
59082
59111
59119
59138
59143
59147
59149
59162
59192
59197
59199
59216
59224
59229
59233
59242
59244
59272
59294
59307
59315
59352
59361
59361
59372
59388
59396
59396
59399
59422
59425
59433
59435
59438
59446
59447
59452
59466
59472
59480
59483
59483
59496
59504
59516
59532
59536
59564
59593
59595
59602
59611
59628
59649
59657
59657
59682
59691
59698
59700
59720
59722
59724
59728
59733
59736
59744
59746
59747
59748
59775
59777
59797
59809
59818
59828
59830
59851
59851
59862
59866
59867
59878
59888
59901
59909
59919
59921
59925
59937
59946
59951
59971
59971
59991
59998
59999
60004
60014
60016
60039
60052
60054
60081
60085
60104
60116
60124
60125
60130
60131
60132
60136
60146
60147
60161
60174
60189
60196
60200
60225
60229
60229
60242
60248
60250
60273
60278
60287
60288
60294
60305
60306
60313
60315
60323
60347
60355
60372
60386
60412
60429
60457
60476
60496
60524
60537
60539
60544
60546
60556
60596
60602
60615
60620
60641
60643
60647
60670
60691
60695
60705
60712
60719
60722
60727
60733
60768
60783
60792
60800
60801
60806
60806
60828
60832
60843
60850
60851
60861
60886
60887
60889
60891
60897
60912
60917
60919
60925
60926
60945
60947
60967
60973
61006
61015
61020
61021
61025
61048
61063
61065
61075
61080
61089
61119
61123
61124
61154
61160
61179
61183
61186
61196
61204
61206
61220
61226
61227
61228
61230
61230
61235
61236
61275
61283
61327
61329
61339
61344
61375
61376
61407
61434
61475
61476
61495
61501
61515
61527
61529
61529
61530
61544
61546
61560
61597
61610
61625
61643
61679
61682
61708
61721
61728
61729
61733
61757
61760
61770
61770
61777
61778
61784
61790
61838
61868
61883
61884
61911
61912
61925
61927
61939
61948
61952
61972
61983
61985
62014
62017
62019
62021
62035
62038
62051
62064
62066
62067
62069
62077
62081
62085
62086
62091
62144
62156
62161
62167
62181
62182
62212
62215
62217
62220
62224
62243
62257
62261
62262
62268
62270
62279
62282
62288
62289
62292
62294
62320
62331
62335
62340
62357
62371
62375
62378
62383
62384
62397
62399
62401
62405
62424
62426
62445
62454
62459
62472
62474
62478
62480
62506
62507
62535
62546
62547
62560
62583
62591
62616
62631
62633
62651
62656
62657
62665
62669
62684
62710
62730
62740
62759
62773
62794
62799
62812
62816
62833
62836
62844
62849
62876
62884
62895
62915
62983
62989
62992
62995
62995
63024
63024
63028
63044
63053
63056
63056
63071
63073
63084
63102
63109
63114
63125
63129
63129
63141
63160
63163
63173
63178
63186
63195
63199
63211
63217
63240
63240
63243
63244
63248
63258
63281
63282
63292
63302
63308
63321
63321
63326
63329
63340
63353
63368
63385
63387
63392
63398
63437
63448
63456
63476
63502
63505
63507
63510
63531
63542
63546
63547
63557
63560
63569
63587
63597
63622
63629
63631
63643
63644
63654
63664
63671
63680
63683
63693
63711
63727
63729
63747
63749
63776
63783
63790
63825
63833
63842
63843
63848
63848
63856
63858
63876
63877
63883
63890
63921
63933
63943
63945
63947
63954
63956
63957
63976
63981
63985
63986
63986
64002
64008
64010
64015
64020
64026
64027
64059
64069
64080
64088
64103
64107
64108
64135
64137
64145
64147
64158
64159
64162
64182
64183
64201
64209
64216
64229
64231
64232
64234
64237
64245
64258
64265
64267
64271
64306
64326
64335
64337
64354
64359
64370
64374
64380
64387
64388
64394
64400
64406
64420
64470
64478
64486
64492
64498
64530
64546
64557
64568
64586
64638
64656
64666
64666
64669
64679
64699
64704
64716
64719
64720
64722
64725
64729
64743
64771
64782
64785
64822
64832
64862
64868
64898
64931
64935
64938
64950
64964
64966
64966
64976
64983
64988
64993
65001
65010
65012
65016
65035
65054
65081
65082
65084
65086
65132
65135
65154
65162
65177
65203
65204
65219
65226
65231
65232
65234
65235
65247
65250
65254
65267
65275
65280
65288
65301
65315
65319
65335
65339
65352
65362
65363
65379
65385
65385
65392
65393
65396
65403
65423
65430
65430
65434
65445
65452
65460
65462
65465
65466
65471
65485
65494
65498
65508
65521
65523
65550
65555
65572
65580
65584
65607
65607
65616
65625
65627
65646
65658
65666
65674
65674
65677
65684
65690
65694
65697
65699
65709
65717
65752
65758
65765
65769
65775
65784
65789
65791
65794
65803
65811
65827
65840
65841
65850
65868
65890
65902
65906
65933
65941
65950
65954
65973
65977
66007
66011
66032
66034
66037
66037
66038
66076
66079
66083
66084
66108
66137
66151
66152
66158
66164
66166
66167
66169
66176
66180
66184
66189
66207
66211
66235
66240
66243
66245
66248
66259
66261
66270
66273
66303
66306
66317
66361
66373
66412
66419
66439
66452
66471
66512
66522
66524
66531
66535
66548
66550
66557
66563
66564
66574
66574
66575
66580
66602
66627
66629
66639
66649
66652
66675
66693
66694
66700
66707
66739
66747
66751
66751
66753
66758
66760
66779
66784
66793
66803
66830
66834
66856
66866
66869
66869
66873
66892
66898
66901
66902
66920
66922
66934
66937
66945
66959
66961
66971
66973
66988
67012
67013
67013
67021
67038
67038
67044
67060
67080
67084
67109
67146
67153
67167
67174
67176
67188
67193
67196
67203
67215
67228
67239
67251
67257
67261
67290
67299
67308
67318
67329
67343
67357
67364
67375
67379
67387
67388
67398
67415
67427
67433
67440
67443
67458
67467
67471
67502
67515
67533
67551
67553
67557
67589
67616
67620
67624
67631
67656
67659
67669
67676
67693
67702
67721
67757
67759
67762
67763
67765
67767
67784
67789
67815
67821
67828
67834
67837
67846
67852
67858
67859
67866
67874
67874
67881
67887
67888
67892
67901
67904
67912
67919
67928
67932
67932
67933
67940
67944
67947
67957
67966
67971
67973
67992
67998
68053
68060
68065
68069
68080
68111
68114
68133
68133
68135
68143
68151
68152
68155
68163
68169
68189
68222
68231
68262
68299
68300
68324
68325
68333
68338
68347
68361
68362
68366
68376
68376
68400
68403
68410
68414
68446
68450
68453
68465
68465
68471
68499
68532
68543
68545
68546
68548
68553
68556
68563
68564
68568
68591
68632
68668
68675
68687
68688
68693
68709
68728
68731
68740
68749
68759
68780
68792
68795
68817
68820
68872
68890
68891
68891
68899
68917
68921
68940
68941
68943
68958
68959
68960
68977
68984
68987
68991
69000
69004
69005
69017
69029
69030
69033
69036
69049
69082
69089
69115
69117
69129
69152
69154
69156
69167
69177
69183
69194
69195
69204
69217
69226
69232
69239
69242
69262
69278
69285
69296
69304
69314
69351
69352
69363
69369
69380
69393
69396
69409
69415
69425
69428
69435
69439
69447
69454
69457
69467
69495
69504
69511
69516
69536
69536
69544
69549
69551
69558
69559
69562
69573
69577
69580
69583
69611
69612
69612
69615
69647
69661
69667
69676
69693
69699
69703
69719
69727
69730
69732
69754
69759
69772
69775
69795
69804
69804
69808
69810
69818
69824
69846
69852
69868
69868
69888
69893
69899
69912
69935
69940
69966
69994
69997
70040
70054
70055
70086
70099
70103
70107
70109
70116
70157
70171
70176
70199
70213
70258
70261
70261
70273
70277
70294
70294
70312
70313
70335
70335
70338
70342
70356
70382
70383
70384
70386
70391
70391
70413
70415
70423
70423
70451
70451
70453
70453
70457
70463
70484
70488
70494
70517
70524
70534
70543
70550
70559
70561
70565
70571
70583
70598
70601
70601
70637
70664
70670
70686
70691
70694
70699
70699
70700
70713
70731
70739
70758
70776
70779
70798
70815
70827
70842
70844
70847
70855
70860
70860
70874
70882
70890
70899
70901
70903
70926
70928
70954
70977
70992
71012
71027
71033
71037
71038
71041
71044
71050
71053
71054
71069
71073
71083
71084
71102
71109
71118
71130
71159
71160
71183
71188
71199
71199
71204
71205
71220
71233
71233
71237
71243
71244
71270
71289
71290
71298
71305
71330
71333
71358
71359
71361
71371
71383
71400
71402
71417
71423
71430
71438
71448
71452
71479
71480
71495
71500
71525
71534
71541
71563
71570
71575
71576
71587
71601
71608
71616
71620
71642
71643
71672
71679
71679
71686
71690
71691
71692
71711
71712
71716
71727
71731
71739
71748
71769
71782
71788
71792
71793
71795
71803
71805
71813
71827
71830
71843
71846
71873
71875
71875
71881
71893
71896
71897
71910
71913
71918
71921
71923
71925
71946
71971
71973
71976
71990
72041
72046
72056
72062
72065
72069
72080
72087
72089
72096
72097
72103
72103
72113
72116
72124
72124
72125
72130
72151
72172
72175
72176
72190
72197
72209
72228
72228
72239
72241
72252
72254
72264
72269
72279
72280
72303
72315
72369
72391
72394
72411
72423
72433
72470
72502
72536
72538
72541
72553
72571
72591
72594
72599
72619
72644
72678
72683
72717
72721
72721
72733
72734
72734
72750
72755
72775
72807
72830
72838
72839
72845
72875
72903
72914
72921
72922
72923
72929
72943
72944
72950
72960
72967
72970
72971
72984
72988
73000
73007
73016
73034
73041
73049
73051
73059
73072
73078
73087
73090
73091
73099
73105
73109
73121
73132
73134
73136
73156
73159
73159
73175
73181
73202
73219
73225
73238
73243
73251
73256
73262
73267
73284
73293
73294
73299
73305
73306
73306
73309
73361
73373
73376
73386
73391
73414
73436
73473
73476
73477
73486
73488
73496
73503
73507
73509
73519
73522
73529
73530
73535
73553
73561
73575
73597
73636
73639
73648
73661
73662
73669
73675
73683
73690
73701
73702
73708
73726
73730
73735
73740
73743
73749
73754
73766
73781
73787
73798
73798
73840
73842
73844
73845
73850
73851
73869
73892
73906
73915
73922
73929
73935
73943
73944
73945
73951
73975
73984
73985
74000
74006
74020
74022
74024
74029
74035
74071
74072
74077
74079
74083
74086
74092
74097
74101
74111
74117
74119
74119
74119
74128
74189
74201
74204
74207
74207
74212
74226
74242
74245
74259
74259
74267
74275
74294
74309
74349
74358
74389
74394
74414
74418
74418
74436
74439
74450
74453
74454
74481
74485
74492
74497
74510
74518
74521
74529
74535
74561
74563
74564
74567
74575
74595
74597
74619
74634
74634
74636
74643
74644
74649
74650
74660
74695
74698
74701
74711
74717
74726
74745
74756
74762
74762
74785
74797
74814
74821
74822
74830
74850
74851
74853
74862
74867
74872
74873
74889
74896
74917
74936
74937
74941
74945
74960
74980
74992
75001
75012
75024
75026
75027
75038
75053
75062
75063
75064
75075
75080
75084
75096
75098
75101
75103
75106
75130
75135
75139
75151
75180
75182
75228
75235
75251
75286
75294
75299
75303
75308
75316
75316
75329
75334
75351
75358
75369
75373
75375
75375
75394
75401
75420
75426
75443
75455
75467
75483
75488
75488
75493
75500
75524
75534
75563
75567
75577
75579
75590
75591
75596
75599
75608
75630
75647
75648
75649
75651
75654
75694
75734
75741
75744
75762
75771
75776
75778
75779
75789
75799
75801
75803
75819
75822
75824
75842
75868
75880
75880
75885
75887
75890
75896
75919
75932
75934
75950
75962
75963
75976
75977
75984
75985
75989
76000
76005
76033
76064
76067
76084
76085
76108
76118
76124
76132
76138
76150
76157
76162
76162
76182
76191
76204
76211
76212
76219
76222
76225
76227
76228
76265
76272
76281
76289
76293
76310
76347
76358
76366
76371
76389
76391
76403
76408
76409
76439
76444
76463
76494
76501
76528
76534
76544
76554
76559
76565
76569
76572
76574
76588
76609
76624
76632
76646
76652
76655
76656
76679
76679
76691
76706
76708
76723
76733
76752
76772
76778
76819
76824
76830
76835
76837
76859
76863
76881
76892
76904
76909
76941
76984
77005
77009
77011
77018
77019
77020
77030
77067
77081
77082
77087
77088
77088
77097
77104
77107
77122
77126
77137
77147
77164
77172
77173
77175
77183
77193
77210
77213
77227
77234
77253
77272
77273
77277
77317
77327
77331
77357
77378
77405
77417
77417
77427
77435
77445
77446
77458
77458
77491
77501
77509
77509
77513
77516
77519
77542
77553
77560
77567
77568
77572
77577
77583
77587
77598
77613
77629
77634
77648
77658
77672
77678
77680
77681
77683
77705
77734
77753
77758
77758
77760
77762
77763
77779
77816
77817
77827
77833
77833
77839
77863
77884
77886
77895
77903
77909
77918
77925
77949
77956
77957
77960
77964
78010
78012
78033
78071
78092
78101
78104
78126
78127
78129
78132
78140
78143
78144
78159
78188
78189
78195
78197
78199
78253
78260
78264
78270
78286
78289
78291
78307
78318
78343
78372
78374
78377
78379
78389
78410
78412
78420
78424
78433
78458
78460
78461
78473
78476
78480
78497
78505
78505
78513
78516
78527
78530
78543
78546
78560
78563
78571
78585
78595
78608
78622
78629
78639
78654
78661
78671
78671
78688
78705
78711
78715
78717
78741
78765
78769
78770
78774
78794
78816
78819
78822
78825
78832
78845
78857
78873
78888
78905
78907
78917
78923
78933
78943
78944
78951
78967
78973
78974
78974
78982
78986
78986
78987
78995
78995
79000
79032
79038
79043
79045
79058
79067
79074
79075
79075
79096
79101
79147
79148
79149
79163
79189
79191
79224
79229
79234
79241
79246
79253
79256
79280
79283
79313
79346
79352
79381
79390
79410
79416
79419
79427
79433
79437
79446
79449
79454
79460
79473
79483
79484
79486
79489
79493
79503
79515
79525
79533
79536
79537
79539
79552
79557
79565
79581
79588
79593
79594
79595
79600
79603
79615
79628
79648
79658
79660
79663
79666
79673
79676
79683
79688
79690
79693
79694
79743
79754
79754
79813
79822
79825
79831
79852
79862
79863
79865
79867
79868
79871
79890
79892
79906
79940
79971
79977
79993
80030
80035
80038
80041
80072
80086
80091
80112
80123
80126
80126
80126
80140
80148
80181
80199
80201
80204
80215
80217
80224
80225
80233
80234
80236
80243
80247
80248
80252
80274
80291
80292
80292
80294
80295
80306
80311
80317
80352
80364
80367
80369
80371
80384
80392
80413
80418
80430
80431
80433
80437
80447
80450
80476
80477
80497
80500
80522
80546
80550
80558
80559
80607
80609
80616
80623
80628
80628
80637
80639
80649
80693
80717
80753
80800
80802
80812
80819
80822
80824
80829
80831
80831
80846
80870
80870
80876
80898
80900
80902
80933
80939
80960
80968
80981
80994
80996
81023
81029
81030
81043
81094
81097
81104
81110
81114
81132
81145
81168
81170
81179
81188
81233
81255
81255
81258
81293
81296
81297
81306
81322
81332
81337
81343
81344
81344
81369
81370
81374
81375
81384
81405
81416
81418
81421
81425
81425
81430
81432
81432
81435
81436
81449
81450
81460
81465
81469
81470
81478
81481
81482
81482
81494
81509
81533
81537
81554
81579
81600
81601
81613
81613
81624
81635
81637
81676
81680
81681
81682
81683
81690
81692
81693
81700
81702
81713
81741
81765
81766
81779
81781
81783
81784
81794
81805
81817
81818
81819
81825
81827
81828
81836
81840
81844
81845
81849
81863
81875
81894
81895
81914
81929
81936
81944
81954
81959
81960
81964
81973
81990
81991
81994
81994
82000
82004
82006
82016
82028
82092
82095
82136
82160
82164
82183
82191
82217
82219
82232
82255
82265
82278
82279
82284
82295
82306
82320
82331
82332
82357
82357
82369
82392
82397
82399
82405
82444
82445
82449
82500
82511
82527
82529
82530
82531
82534
82542
82554
82562
82569
82571
82578
82578
82583
82598
82599
82609
82610
82614
82637
82646
82651
82661
82661
82685
82687
82697
82701
82712
82719
82721
82727
82728
82764
82778
82779
82808
82812
82814
82817
82840
82865
82892
82895
82896
82904
82907
82915
82930
82941
82942
82949
82955
82963
82975
82976
82988
82999
83003
83009
83018
83032
83037
83045
83046
83059
83067
83073
83075
83098
83113
83113
83121
83127
83130
83136
83136
83137
83145
83170
83171
83178
83178
83220
83231
83243
83249
83251
83253
83265
83308
83310
83313
83324
83325
83326
83337
83338
83344
83348
83396
83405
83407
83412
83440
83441
83451
83457
83482
83483
83489
83491
83495
83507
83507
83523
83525
83528
83535
83537
83537
83540
83552
83559
83562
83579
83596
83599
83640
83648
83659
83669
83670
83672
83676
83677
83682
83687
83689
83700
83731
83750
83759
83769
83777
83782
83789
83804
83805
83809
83810
83815
83819
83823
83834
83837
83851
83861
83861
83875
83877
83884
83892
83896
83901
83901
83906
83910
83916
83923
83928
83931
83932
83935
83954
83980
83996
84002
84010
84018
84025
84027
84044
84045
84048
84048
84050
84068
84069
84088
84111
84120
84129
84147
84152
84162
84176
84199
84214
84222
84236
84248
84260
84267
84284
84287
84310
84316
84335
84336
84368
84377
84380
84383
84395
84404
84414
84417
84429
84429
84431
84431
84433
84436
84438
84449
84470
84471
84511
84520
84543
84546
84547
84560
84590
84608
84610
84618
84619
84625
84629
84650
84660
84676
84690
84692
84694
84699
84715
84720
84732
84734
84753
84754
84755
84757
84774
84784
84795
84814
84823
84826
84834
84840
84849
84859
84872
84887
84903
84909
84920
84937
84949
84982
84988
84993
84996
85011
85027
85038
85045
85047
85051
85053
85058
85067
85069
85071
85076
85088
85099
85106
85108
85138
85145
85153
85177
85181
85181
85186
85197
85199
85214
85217
85243
85251
85256
85273
85276
85280
85281
85291
85307
85309
85325
85325
85326
85339
85343
85361
85370
85371
85376
85377
85378
85382
85384
85389
85416
85451
85483
85502
85503
85533
85537
85545
85549
85552
85554
85563
85568
85572
85572
85573
85579
85583
85596
85613
85621
85624
85643
85643
85674
85678
85699
85700
85702
85740
85747
85748
85754
85756
85768
85769
85775
85778
85793
85798
85799
85801
85802
85806
85806
85813
85815
85823
85827
85852
85858
85862
85866
85886
85888
85900
85905
85908
85917
85920
85926
85937
85944
85950
85952
85953
85956
85973
85984
86035
86037
86063
86063
86071
86078
86084
86125
86129
86138
86145
86153
86159
86176
86188
86212
86214
86237
86239
86263
86264
86264
86267
86270
86270
86286
86294
86315
86315
86318
86323
86334
86345
86352
86352
86372
86372
86415
86418
86439
86440
86465
86466
86467
86470
86472
86483
86483
86485
86485
86489
86490
86498
86513
86524
86527
86552
86553
86562
86563
86580
86581
86586
86604
86605
86623
86623
86644
86661
86689
86700
86706
86710
86744
86744
86769
86772
86773
86812
86818
86827
86833
86836
86869
86877
86911
86918
86922
86922
86925
86931
86943
86946
86954
86958
86961
86961
86963
86971
86982
87000
87013
87026
87044
87063
87077
87083
87090
87111
87163
87164
87187
87208
87210
87212
87226
87273
87277
87278
87284
87307
87312
87317
87318
87340
87349
87358
87358
87360
87373
87376
87377
87380
87384
87433
87446
87458
87488
87537
87542
87564
87572
87578
87579
87588
87600
87621
87630
87632
87641
87651
87656
87670
87684
87687
87696
87706
87713
87715
87718
87721
87724
87724
87779
87783
87787
87795
87804
87809
87818
87827
87829
87845
87859
87874
87887
87888
87890
87893
87938
87946
87947
87966
87986
87992
88014
88026
88029
88030
88032
88039
88044
88046
88051
88059
88066
88077
88079
88089
88097
88102
88102
88124
88136
88156
88169
88171
88175
88180
88184
88187
88193
88220
88227
88250
88262
88271
88286
88288
88293
88309
88333
88357
88374
88379
88389
88390
88395
88415
88425
88442
88444
88465
88471
88488
88529
88531
88535
88572
88573
88593
88617
88618
88619
88622
88625
88640
88652
88691
88698
88701
88712
88725
88729
88736
88760
88764
88781
88783
88789
88799
88824
88838
88842
88843
88851
88855
88870
88885
88899
88908
88914
88918
88920
88932
88936
88941
88942
88944
88956
88958
88959
88972
89006
89022
89023
89026
89039
89051
89056
89070
89070
89071
89076
89088
89094
89103
89120
89134
89138
89145
89150
89154
89156
89159
89162
89164
89188
89190
89235
89252
89257
89267
89287
89296
89310
89313
89344
89347
89349
89349
89351
89355
89360
89363
89364
89378
89422
89432
89433
89444
89446
89453
89465
89467
89473
89481
89485
89487
89493
89498
89499
89531
89613
89617
89625
89680
89688
89718
89740
89745
89749
89755
89778
89801
89802
89808
89819
89819
89833
89842
89847
89863
89876
89880
89885
89909
89915
89917
89924
89947
89958
89965
89975
89976
89986
89988
90019
90020
90021
90025
90032
90043
90045
90048
90067
90074
90083
90085
90086
90086
90087
90092
90142
90145
90166
90169
90182
90196
90206
90220
90229
90236
90239
90240
90241
90269
90274
90276
90298
90312
90328
90332
90333
90353
90368
90383
90388
90392
90393
90396
90416
90422
90435
90445
90450
90462
90479
90485
90495
90505
90510
90528
90532
90534
90565
90571
90578
90611
90624
90628
90633
90635
90638
90655
90657
90661
90682
90690
90702
90707
90708
90710
90719
90726
90729
90732
90744
90758
90759
90763
90765
90774
90793
90798
90803
90805
90815
90818
90838
90854
90856
90863
90898
90901
90904
90910
90936
90942
90946
90966
90969
90976
90977
90980
90989
90995
90998
91019
91022
91029
91054
91107
91107
91109
91126
91134
91147
91151
91153
91201
91201
91203
91224
91226
91236
91259
91272
91274
91281
91284
91323
91334
91338
91349
91349
91350
91358
91358
91362
91370
91383
91391
91444
91461
91476
91479
91490
91523
91529
91530
91531
91534
91542
91548
91548
91571
91578
91593
91595
91600
91609
91629
91629
91629
91631
91631
91634
91639
91641
91659
91692
91693
91709
91730
91733
91737
91742
91748
91764
91768
91771
91781
91787
91790
91813
91829
91838
91859
91866
91891
91894
91897
91913
91930
91946
91950
91952
91962
91968
91977
91988
91995
91995
92043
92049
92055
92057
92067
92078
92079
92081
92101
92103
92111
92118
92161
92172
92172
92178
92178
92191
92191
92195
92202
92209
92209
92225
92243
92265
92277
92287
92295
92305
92312
92333
92360
92375
92405
92420
92428
92430
92452
92456
92485
92490
92496
92510
92514
92530
92570
92571
92572
92579
92591
92605
92607
92609
92620
92626
92637
92652
92653
92656
92657
92668
92672
92680
92681
92689
92709
92710
92716
92720
92724
92726
92736
92743
92765
92784
92785
92796
92807
92816
92821
92822
92843
92844
92857
92866
92866
92884
92910
92910
92916
92921
92957
92972
92978
92988
92997
93011
93015
93021
93024
93050
93051
93053
93063
93088
93088
93098
93102
93111
93121
93121
93122
93125
93126
93128
93137
93142
93143
93149
93156
93172
93189
93191
93207
93251
93267
93276
93281
93297
93298
93307
93310
93314
93341
93372
93378
93385
93409
93413
93416
93428
93435
93444
93445
93445
93459
93461
93465
93469
93475
93477
93480
93482
93491
93494
93503
93525
93529
93536
93579
93603
93616
93641
93650
93671
93687
93696
93698
93700
93708
93718
93731
93734
93738
93744
93756
93784
93787
93788
93800
93801
93804
93810
93813
93824
93840
93840
93858
93858
93881
93886
93915
93921
93927
93928
93961
93979
93986
93994
93994
94011
94016
94028
94037
94055
94060
94061
94072
94089
94093
94095
94132
94132
94134
94146
94152
94171
94172
94174
94178
94191
94196
94201
94210
94233
94233
94236
94245
94246
94247
94258
94261
94270
94274
94278
94281
94291
94295
94304
94311
94331
94343
94345
94356
94403
94406
94418
94425
94432
94433
94440
94444
94448
94457
94461
94470
94487
94502
94510
94538
94542
94555
94571
94592
94593
94594
94614
94623
94656
94667
94673
94677
94693
94712
94723
94731
94734
94739
94800
94804
94811
94824
94826
94829
94845
94846
94862
94883
94891
94899
94904
94905
94907
94907
94907
94915
94928
94931
94941
94958
94960
94991
94992
95013
95035
95071
95079
95081
95088
95094
95100
95103
95116
95128
95134
95138
95145
95146
95157
95171
95178
95191
95193
95200
95201
95220
95224
95227
95234
95243
95254
95271
95272
95274
95289
95293
95300
95317
95319
95361
95362
95368
95370
95390
95414
95423
95426
95427
95429
95429
95431
95442
95443
95451
95456
95470
95470
95472
95472
95489
95494
95525
95526
95527
95537
95537
95554
95559
95566
95568
95619
95626
95631
95652
95661
95662
95686
95715
95725
95725
95736
95756
95793
95794
95799
95806
95807
95819
95825
95826
95828
95828
95835
95838
95843
95862
95862
95888
95893
95894
95916
95921
96001
96028
96037
96041
96052
96053
96061
96069
96084
96098
96118
96118
96120
96122
96128
96138
96172
96193
96206
96212
96212
96220
96232
96238
96238
96240
96245
96247
96259
96270
96273
96294
96294
96299
96330
96335
96343
96345
96363
96365
96375
96387
96391
96397
96438
96447
96447
96458
96472
96476
96477
96478
96484
96507
96514
96517
96517
96522
96532
96546
96547
96548
96548
96561
96588
96602
96611
96618
96631
96633
96634
96636
96657
96683
96687
96690
96695
96698
96711
96729
96733
96734
96738
96747
96748
96760
96777
96791
96804
96807
96814
96820
96830
96842
96846
96859
96862
96882
96899
96900
96934
96940
96953
96955
96963
96999
97021
97033
97037
97050
97050
97062
97071
97072
97082
97094
97096
97103
97112
97112
97136
97139
97157
97163
97171
97174
97183
97191
97192
97199
97202
97224
97240
97246
97256
97280
97293
97296
97309
97315
97335
97339
97339
97341
97355
97360
97424
97427
97432
97442
97446
97456
97458
97488
97502
97527
97530
97533
97535
97538
97542
97549
97558
97582
97592
97645
97652
97655
97674
97682
97697
97703
97722
97729
97733
97751
97774
97784
97805
97805
97811
97828
97836
97841
97842
97848
97852
97861
97875
97877
97877
97887
97898
97905
97906
97911
97918
97920
97929
97956
97978
97983
97993
97995
98004
98016
98020
98029
98058
98064
98067
98069
98072
98096
98114
98118
98126
98129
98130
98177
98180
98180
98191
98194
98197
98213
98215
98220
98225
98226
98245
98264
98293
98297
98310
98315
98319
98351
98355
98380
98392
98408
98420
98424
98439
98448
98455
98467
98498
98503
98505
98507
98537
98561
98570
98572
98588
98590
98605
98607
98620
98639
98653
98661
98663
98668
98689
98702
98712
98744
98756
98763
98773
98779
98785
98793
98796
98799
98811
98829
98836
98844
98886
98899
98903
98916
98918
98923
98935
98944
98958
98978
99022
99026
99030
99035
99037
99038
99058
99099
99128
99138
99175
99185
99193
99206
99212
99213
99246
99254
99272
99278
99288
99305
99306
99314
99315
99317
99333
99341
99343
99361
99373
99373
99375
99381
99383
99400
99408
99409
99421
99421
99424
99428
99433
99438
99440
99473
99482
99489
99492
99503
99504
99510
99512
99516
99532
99554
99558
99566
99589
99606
99609
99611
99611
99618
99618
99625
99631
99634
99647
99650
99655
99663
99675
99676
99690
99697
99722
99727
99731
99736
99737
99758
99762
99785
99796
99802
99807
99847
99848
99863
99865
99867
99874
99887
99891
99892
99892
99896
99908
99917
99936
99955
99970
99991
